True
False
28 [134, 902, 1159, 1494, 1659, 2035, 3161, 3649, 3922, 3945, 4157, 4709, 5098, 5250, 5544, 6195, 6335, 6454, 7256, 7549, 7718, 7763, 8470, 8807, 9121, 9198, 9296, 9567]
21 [860, 1084, 1579, 3248, 3884, 3998, 4097, 4183, 4962, 5835, 6093, 6227, 6388, 7068, 7829, 8434, 8803, 8911, 9108, 9172, 9849]
21 [2219, 2679, 3908, 4210, 4596, 4692, 4818, 4920, 5009, 5181, 6304, 6715, 6791, 7194, 7255, 7411, 7441, 8279, 8940, 9763, 9867]
23 [401, 437, 1010, 1561, 1563, 1883, 2019, 2969, 3109, 3140, 4501, 5807, 6395, 6449, 6973, 7088, 7184, 7444, 8180, 8370, 8875, 9756, 9833]
26 [333, 487, 1281, 1765, 1852, 2304, 2399, 2648, 3894, 3901, 4438, 5760, 6013, 6116, 6402, 6654, 6850, 6984, 8012, 8768, 8817, 8937, 9038, 9196, 9241, 9565]
24 [280, 665, 1132, 1458, 1777, 2716, 3231, 3625, 3789, 4196, 5313, 5667, 5681, 5787, 5808, 5818, 5964, 6613, 6726, 6896, 7524, 7661, 9002, 9356]
37 [234, 320, 994, 1008, 1940, 2088, 2126, 2293, 2849, 3020, 3082, 3103, 3879, 4141, 4619, 4994, 5143, 5228, 5247, 5661, 5693, 5886, 5996, 6142, 6866, 7221, 7422, 7425, 7625, 7856, 8181, 8680, 9024, 9055, 9399, 9608, 9672]
34 [215, 673, 905, 990, 1357, 1784, 2044, 2451, 2761, 2993, 3427, 3870, 4211, 4767, 4786, 5149, 5391, 5735, 5742, 6078, 6148, 6180, 6193, 6363, 6855, 7554, 7788, 8082, 8376, 9042, 9164, 9380, 9525, 9986]
28 [33, 128, 344, 954, 1731, 1950, 3234, 3766, 3936, 4117, 4405, 4721, 4898, 4961, 5216, 5470, 5706, 5801, 5861, 7163, 7840, 8205, 8411, 8418, 8670, 9174, 9248, 9453]
27 [486, 732, 1212, 1334, 2200, 2601, 2774, 2855, 3053, 3061, 3197, 3253, 3821, 4683, 5381, 5660, 6501, 6762, 6971, 7240, 7373, 7512, 7585, 8980, 9263, 9292, 9914]
29 [254, 748, 763, 874, 1977, 2113, 2527, 2589, 3065, 3147, 3365, 3856, 3988, 4517, 5031, 5476, 5711, 5793, 5848, 6168, 6350, 6955, 7333, 7749, 8100, 8302, 8394, 9477, 9801]
37 [52, 582, 776, 876, 1160, 1259, 1760, 1851, 1922, 2180, 2231, 3354, 3886, 4311, 4812, 5116, 5178, 5289, 5317, 5419, 5532, 5594, 5703, 5922, 6152, 6662, 6980, 7235, 7417, 7795, 8234, 8685, 8927, 9015, 9021, 9299, 9903]
19 [348, 894, 2469, 2623, 2824, 3237, 4586, 4783, 5278, 5316, 5506, 5756, 5863, 6877, 7130, 8351, 9287, 9656, 9810]
27 [1, 361, 852, 1183, 1288, 1320, 1652, 2268, 2768, 2897, 2975, 3142, 3271, 3314, 3584, 4448, 4826, 5368, 5615, 5908, 5972, 6046, 6418, 6825, 7322, 7598, 8757]
19 [175, 229, 420, 868, 956, 1485, 3113, 3115, 3554, 3930, 4326, 4781, 5111, 5652, 7700, 7970, 8220, 8264, 8560]
25 [181, 429, 787, 957, 1587, 1878, 2102, 2106, 2247, 2334, 2867, 3742, 3927, 4390, 4681, 4694, 6189, 6305, 6989, 7723, 8509, 9283, 9430, 9882, 9964]
26 [388, 496, 924, 938, 1011, 1313, 2848, 3439, 3656, 4731, 4779, 4973, 5450, 6120, 6225, 6447, 6495, 6572, 7093, 7386, 7518, 7634, 7920, 7994, 9212, 9775]
23 [1222, 1733, 2272, 2588, 3071, 3367, 3660, 3803, 4403, 4534, 5089, 5505, 6634, 6731, 7090, 7095, 7368, 7591, 8371, 8562, 8624, 8649, 9376]
27 [107, 270, 431, 633, 1139, 1549, 2124, 2682, 3989, 4600, 5058, 5105, 5348, 5519, 5668, 5754, 5770, 5795, 6004, 6043, 6163, 6524, 6846, 7744, 8252, 8380, 9300]
19 [22, 249, 283, 791, 1034, 1439, 2147, 3190, 3272, 3453, 4335, 4451, 5267, 6358, 6599, 7777, 8747, 9111, 9443]
19 [1317, 1427, 1793, 2547, 2738, 3454, 4474, 4573, 5514, 5716, 6649, 6745, 6970, 7940, 8422, 8436, 8535, 9166, 9428]
24 [438, 1004, 1251, 1271, 1744, 2045, 3499, 3843, 3974, 4188, 4295, 4354, 6266, 6327, 6419, 7668, 8127, 8164, 8507, 9066, 9460, 9524, 9673, 9705]
27 [288, 1450, 1695, 1927, 2010, 2857, 3307, 3854, 4057, 4095, 4247, 4726, 4778, 5086, 5657, 5976, 6003, 7410, 7988, 8059, 8085, 8173, 8668, 8858, 9090, 9195, 9431]
20 [71, 552, 626, 743, 898, 1693, 2456, 3172, 3567, 3716, 4604, 4610, 4956, 5283, 5692, 5962, 6309, 7071, 8787, 9919]
27 [39, 291, 354, 1767, 2297, 2322, 2516, 2610, 2762, 2846, 3449, 4297, 5831, 5957, 6741, 7558, 7858, 8083, 8489, 9036, 9070, 9192, 9267, 9514, 9722, 9777, 9976]
25 [277, 477, 992, 1437, 1661, 1751, 2712, 2720, 2853, 3254, 3471, 3631, 3650, 3739, 3809, 4650, 5049, 5879, 6165, 7063, 7883, 8086, 8197, 9116, 9159]
33 [111, 1500, 1639, 1704, 2355, 2401, 2481, 2677, 2978, 3225, 3415, 3524, 3633, 3712, 3827, 4252, 4401, 4589, 4794, 5280, 5426, 5553, 6356, 6445, 6481, 6570, 6702, 7259, 7546, 7867, 9145, 9753, 9951]
30 [194, 622, 774, 1300, 1349, 1359, 1516, 2021, 3151, 3217, 3487, 3747, 3811, 4587, 4993, 5003, 5117, 5970, 6047, 6438, 6538, 7747, 7803, 7872, 8027, 8080, 8247, 8873, 9316, 9685]
34 [1429, 1820, 2127, 2177, 2262, 2739, 2815, 2835, 2949, 3009, 3213, 3797, 3990, 4022, 4098, 4179, 4603, 4640, 5296, 6957, 7111, 7437, 7690, 7930, 8108, 8258, 8594, 8881, 9147, 9235, 9290, 9501, 9659, 9915]
24 [94, 189, 843, 1000, 1339, 1352, 2694, 3350, 3504, 3529, 4248, 4987, 5065, 5175, 5488, 5819, 6281, 6357, 6414, 6720, 8610, 8711, 9016, 9392]
25 [67, 178, 794, 834, 1208, 1626, 1683, 2425, 2605, 3940, 4131, 4345, 4845, 5153, 5322, 5672, 6260, 6396, 6816, 6997, 7218, 7406, 7699, 8213, 8960]
32 [609, 720, 1235, 1457, 1576, 1581, 1676, 1930, 2722, 3238, 3559, 3902, 4065, 4310, 4837, 5189, 5361, 5592, 5601, 5846, 6719, 6792, 7833, 7854, 7895, 8026, 8325, 8471, 8749, 9332, 9387, 9747]
27 [1257, 1393, 1697, 1721, 2022, 2250, 2287, 2489, 2807, 3917, 4317, 4481, 4518, 4570, 4613, 4710, 5038, 5311, 5622, 5758, 6128, 7200, 7399, 8140, 9340, 9523, 9527]
20 [68, 1141, 2167, 3713, 3829, 3872, 4722, 4914, 5182, 5943, 6315, 6371, 6535, 7402, 7602, 7945, 8172, 8363, 8496, 9148]
27 [318, 542, 624, 1231, 1289, 2110, 2211, 2695, 2793, 2925, 3228, 3615, 3620, 4456, 4503, 4560, 4601, 4626, 4668, 4995, 5777, 5849, 6344, 6863, 8312, 8421, 8957]
29 [154, 1076, 1105, 1168, 1545, 2121, 3211, 3918, 5036, 5243, 5436, 5643, 5794, 6072, 6346, 6400, 7124, 7214, 7528, 7766, 7842, 8162, 8254, 8798, 8918, 9363, 9629, 9863, 9980]
33 [109, 323, 631, 678, 758, 1724, 1941, 1953, 2075, 2660, 2736, 2737, 2988, 3485, 4129, 4144, 4177, 4490, 4720, 4740, 5923, 5947, 6126, 6274, 6671, 6697, 8076, 8236, 8499, 8848, 9139, 9337, 9690]
21 [1602, 1995, 2244, 2858, 3410, 3553, 3700, 4191, 5129, 5326, 5612, 6353, 6512, 6839, 7201, 7205, 7488, 7738, 7809, 9543, 9587]
20 [147, 309, 313, 861, 1223, 1635, 1952, 1954, 3327, 3889, 5967, 6044, 6136, 6497, 6519, 6567, 6810, 8330, 8432, 8981]
33 [104, 1098, 1975, 2066, 2313, 2444, 2831, 2845, 3152, 3352, 4015, 4031, 4053, 4268, 4545, 4954, 5457, 5574, 6288, 6849, 7362, 7469, 7838, 8072, 8165, 8352, 8401, 8876, 8971, 9593, 9633, 9648, 9960]
27 [246, 553, 753, 920, 1178, 1214, 1229, 1390, 1555, 1905, 3606, 3840, 4307, 4655, 4996, 5226, 5406, 5708, 5781, 5900, 6553, 6798, 7952, 8320, 8439, 8597, 9815]
33 [48, 630, 896, 1843, 1853, 2245, 2277, 2495, 2707, 2779, 3017, 3096, 3137, 3428, 3687, 3905, 4267, 4799, 5482, 5500, 5954, 6085, 6576, 6864, 7091, 7105, 7327, 7455, 7899, 8333, 8605, 8972, 9981]
30 [805, 935, 1089, 1112, 1703, 1913, 3003, 3321, 3511, 3750, 3937, 4038, 4450, 4798, 6077, 6187, 7241, 7433, 7499, 7509, 7596, 7655, 7769, 7959, 8868, 9310, 9335, 9536, 9828, 9957]
23 [100, 302, 1035, 1154, 1667, 2036, 2213, 2837, 3916, 4378, 4734, 4745, 5286, 6441, 7593, 7727, 8582, 8615, 8853, 9189, 9277, 9411, 9716]
20 [424, 960, 1455, 1869, 2455, 3156, 3220, 3445, 4146, 5380, 5959, 6124, 6862, 7086, 7265, 7341, 7485, 7830, 8555, 9168]
27 [35, 127, 892, 897, 1174, 1680, 1968, 2206, 2209, 2393, 2989, 4014, 4189, 5669, 5906, 6829, 6888, 6903, 7481, 7704, 7730, 8069, 8270, 8283, 8618, 8915, 9303]
19 [61, 1671, 1899, 3545, 4469, 4497, 4847, 4944, 5002, 5114, 5288, 5552, 5721, 7058, 7287, 7307, 7631, 8719, 9458]
19 [476, 1582, 2446, 3778, 4313, 4473, 4523, 4788, 4927, 5299, 5410, 6146, 6308, 6672, 6865, 8204, 8207, 8663, 9120]
34 [498, 594, 1022, 1211, 1330, 1399, 1415, 2214, 2288, 2875, 3194, 3488, 3561, 4284, 4719, 4895, 5205, 5257, 5261, 5400, 5494, 5968, 5997, 6432, 6936, 7034, 7431, 7562, 7781, 8103, 8684, 9053, 9408, 9748]
27 [311, 479, 1292, 1898, 3070, 3324, 3391, 3397, 4051, 4328, 4356, 4813, 5683, 5948, 6948, 6976, 7037, 7049, 7995, 8095, 8799, 9219, 9586, 9765, 9793, 9869, 9989]
21 [268, 363, 808, 823, 1194, 2731, 2833, 2943, 2955, 3887, 5377, 5982, 6699, 6891, 7785, 8364, 8385, 8852, 8908, 9738, 9950]
21 [481, 839, 1144, 1822, 2092, 3007, 3107, 4096, 4315, 5210, 5401, 5593, 5618, 6437, 7459, 7544, 7645, 8278, 8453, 8669, 9707]
32 [226, 917, 1215, 1497, 1550, 1906, 2116, 2434, 2533, 2811, 2864, 2918, 3008, 3699, 3807, 3820, 3851, 4848, 5070, 5095, 5108, 5269, 5407, 5728, 6815, 7172, 7315, 7382, 8066, 9427, 9927, 9933]
29 [1180, 1218, 1265, 1430, 2201, 2225, 2727, 2981, 3185, 3474, 3509, 3564, 3725, 4226, 4275, 5018, 5272, 6000, 6240, 6910, 7460, 7714, 8826, 9542, 9614, 9774, 9879, 9942, 9945]
26 [225, 1002, 1050, 1081, 1407, 2055, 2178, 2226, 2319, 2916, 3025, 3484, 3503, 3702, 4472, 5421, 5656, 6283, 6374, 6499, 6718, 7257, 8383, 8656, 9519, 9623]
20 [160, 974, 1165, 1336, 2001, 3127, 3838, 3880, 3969, 4108, 4198, 4241, 4728, 5729, 6539, 6768, 7716, 7907, 8449, 9432]
19 [1552, 1654, 2130, 2806, 3871, 4549, 4801, 5044, 5468, 5780, 6988, 7077, 7416, 7863, 8099, 8212, 8758, 8841, 8862]
24 [1428, 2030, 2630, 2658, 2785, 3522, 3551, 3867, 4126, 4407, 4960, 5509, 5746, 6160, 6464, 6561, 7099, 7571, 7623, 7760, 7966, 8124, 8328, 9131]
39 [174, 204, 220, 611, 1147, 1148, 1424, 1505, 1877, 1900, 1923, 2271, 2280, 2492, 2521, 3262, 3635, 3657, 3849, 4103, 4654, 6081, 6254, 6462, 6781, 6807, 6920, 7642, 7768, 7846, 7906, 8067, 8211, 8287, 8415, 8648, 9751, 9845, 9908]
32 [28, 346, 563, 1013, 1106, 1128, 1643, 1863, 2212, 2518, 2701, 2882, 3077, 3223, 3489, 3603, 3623, 4463, 5477, 5502, 5810, 5844, 6073, 6573, 7414, 7993, 8106, 8358, 8484, 9372, 9615, 9681]
17 [717, 1202, 1682, 1873, 2335, 2889, 3180, 3646, 3941, 4394, 5054, 5064, 5891, 7033, 8427, 8686, 9997]
25 [472, 855, 1366, 2450, 2575, 3269, 4261, 4419, 4595, 4711, 4766, 4866, 4929, 5284, 5344, 6675, 8007, 8032, 8215, 8781, 8871, 9201, 9435, 9819, 9870]
31 [452, 545, 768, 940, 1017, 1064, 1116, 1303, 1706, 1999, 3718, 3790, 4213, 5085, 5433, 5511, 5939, 6007, 6122, 6129, 6336, 6417, 6439, 6661, 7055, 7219, 7547, 8867, 8970, 9069, 9688]
26 [483, 519, 1658, 1824, 1929, 1982, 2243, 2285, 2359, 2563, 3792, 3966, 4303, 4789, 5188, 6343, 6475, 6788, 7304, 7330, 7379, 7753, 8024, 8469, 9238, 9641]
26 [115, 656, 904, 1365, 1803, 1901, 2300, 2578, 3310, 3435, 3629, 3734, 3735, 4263, 4759, 4970, 6059, 6389, 6642, 7329, 7448, 8464, 8952, 9434, 9624, 9728]
24 [1135, 1425, 1740, 2339, 3040, 3047, 3399, 3751, 4005, 4548, 4815, 5242, 5641, 6090, 6882, 6979, 7381, 8097, 8389, 8448, 8533, 8786, 9224, 9862]
27 [27, 191, 252, 1241, 1444, 1540, 1956, 2117, 2358, 2651, 3146, 3413, 3645, 3743, 5072, 5101, 6982, 7388, 7882, 8002, 8079, 8141, 8839, 9240, 9423, 9603, 9966]
33 [121, 648, 1301, 1337, 1964, 2023, 2317, 2410, 3332, 3408, 3543, 3648, 3837, 3869, 3897, 4135, 4421, 5279, 5902, 6014, 6030, 6042, 6087, 6207, 6520, 6736, 6778, 7351, 7911, 8009, 8324, 8762, 9495]
28 [667, 798, 1228, 1258, 2169, 3537, 4041, 4638, 4678, 5050, 5211, 5253, 5671, 5723, 6616, 6657, 7471, 7985, 8091, 8233, 8292, 8391, 8461, 8476, 9080, 9410, 9698, 9941]
26 [190, 326, 512, 1049, 1585, 2048, 2643, 2915, 3079, 3312, 3556, 3598, 3853, 3934, 4176, 4423, 4431, 4494, 4530, 5359, 5673, 6485, 8014, 8288, 8736, 9563]
25 [66, 211, 570, 907, 1360, 1874, 1949, 1960, 2767, 3303, 3796, 4338, 5248, 5934, 6360, 7005, 7743, 8433, 8525, 8596, 8844, 9236, 9580, 9692, 9709]
17 [846, 1015, 2122, 4869, 5521, 6286, 6339, 6946, 6998, 7666, 8751, 8994, 9134, 9286, 9327, 9511, 9667]
23 [362, 590, 635, 953, 1227, 1759, 2616, 3027, 3443, 3510, 3729, 3862, 4150, 5082, 5169, 7000, 7375, 7510, 7977, 8271, 8522, 9377, 9720]
25 [150, 890, 1102, 1341, 1506, 1718, 1886, 1914, 2047, 2693, 2788, 3030, 4661, 4974, 5374, 5564, 5648, 6024, 6234, 7466, 8327, 8978, 9199, 9226, 9583]
18 [407, 825, 1103, 1728, 2488, 3202, 3308, 3953, 5172, 5694, 6542, 6727, 6735, 6747, 6899, 8298, 8622, 8633]
22 [239, 374, 439, 943, 1206, 1396, 1456, 2015, 2234, 2276, 2714, 3541, 4301, 4704, 4900, 6273, 7108, 7253, 7398, 7929, 8578, 8595]
24 [1062, 1306, 1856, 2062, 2803, 3239, 3414, 4577, 4631, 4679, 4827, 4933, 5287, 5918, 6559, 7044, 7206, 7229, 7467, 8625, 8790, 9341, 9365, 9612]
25 [14, 95, 119, 153, 654, 1534, 1535, 2491, 2498, 2584, 3181, 3855, 6557, 6674, 6687, 6771, 6794, 7062, 7245, 7923, 8101, 8378, 8659, 8675, 9293]
24 [421, 813, 838, 862, 1216, 3299, 3703, 4109, 4968, 5691, 6155, 6362, 6453, 7325, 7891, 8235, 8293, 8398, 8764, 8769, 9014, 9247, 9592, 9859]
34 [65, 295, 465, 1006, 1091, 1674, 2013, 2540, 2580, 2625, 2705, 3123, 3178, 3479, 3911, 3943, 5367, 6413, 6644, 6739, 6759, 6766, 6898, 7313, 7770, 8013, 8075, 8304, 8490, 8963, 9026, 9078, 9153, 9660]
18 [233, 506, 583, 1831, 1937, 2281, 2397, 3188, 4278, 4584, 4860, 4871, 5308, 5871, 6856, 7941, 8965, 9083]
24 [1875, 2997, 3583, 3788, 4114, 4350, 4882, 5466, 5678, 5782, 6194, 6461, 6507, 7190, 7678, 7728, 7926, 8186, 8397, 8818, 9331, 9346, 9553, 9905]
30 [146, 606, 2208, 2377, 2480, 2653, 3304, 3369, 3641, 3666, 4070, 4086, 4163, 4880, 4937, 5441, 5828, 5830, 6425, 6536, 6964, 6975, 7014, 7719, 8177, 8339, 8603, 9087, 9518, 9532]
27 [1961, 2133, 3333, 4915, 5022, 5425, 5434, 5833, 6397, 6546, 7155, 7193, 7246, 7372, 7503, 8087, 8147, 8520, 8732, 8966, 9039, 9244, 9266, 9413, 9773, 9911, 9959]
27 [1007, 1030, 1220, 1321, 1351, 1495, 1925, 1936, 2636, 2936, 4286, 4422, 4643, 4918, 4936, 5088, 5524, 5578, 5788, 6010, 6713, 7504, 7810, 8620, 8814, 8822, 9889]
22 [172, 649, 680, 2376, 3035, 3216, 3273, 3560, 3719, 3806, 4237, 4653, 5550, 6149, 6188, 6952, 7047, 7292, 7564, 8131, 8721, 8782]
24 [718, 1067, 1629, 1753, 1958, 2202, 2368, 3268, 3686, 3828, 3895, 4072, 4076, 4249, 4416, 4948, 5092, 5775, 6224, 6431, 6857, 7097, 9275, 9654]
24 [259, 1395, 1479, 1542, 1713, 1823, 1976, 2467, 3056, 3607, 3690, 3694, 3900, 4229, 6876, 7334, 7726, 8119, 8244, 8629, 8717, 8756, 8766, 8916]
23 [166, 741, 1640, 2979, 3540, 3723, 3731, 4532, 4566, 5577, 5952, 6162, 6440, 7442, 7831, 8253, 8773, 9169, 9324, 9575, 9687, 9790, 9921]
21 [1361, 1405, 1776, 3085, 3338, 3450, 4128, 4219, 4440, 4608, 4744, 5007, 5222, 5496, 5806, 6210, 6937, 8710, 9405, 9463, 9861]
22 [441, 820, 962, 991, 1544, 1689, 2223, 3212, 3756, 3834, 4387, 4409, 5515, 5581, 5611, 5644, 5680, 5995, 6646, 7217, 7825, 7905]
24 [520, 567, 595, 769, 949, 2669, 2841, 3111, 3136, 3266, 3281, 4449, 6340, 6377, 6385, 6457, 6483, 7043, 7288, 7296, 8102, 8183, 8184, 8260]
31 [1413, 1589, 1594, 1642, 2350, 2357, 2603, 2748, 2905, 3122, 3148, 3816, 4140, 4633, 4841, 5383, 5495, 5666, 5704, 5786, 6465, 6548, 6851, 7178, 7589, 7715, 8064, 8705, 8715, 9010, 9516]
27 [29, 503, 662, 847, 1664, 2787, 3132, 3670, 3691, 4361, 4609, 5275, 6048, 6097, 6775, 6870, 7114, 7421, 7539, 7614, 7789, 7986, 8765, 8820, 9239, 9805, 9898]
25 [671, 964, 984, 1895, 2033, 2437, 3288, 4221, 4383, 4963, 5702, 6101, 6251, 6834, 7413, 7490, 7697, 7767, 8114, 8666, 8754, 9205, 9326, 9344, 9824]
29 [523, 1389, 1546, 1551, 1807, 2125, 2163, 2238, 2291, 2551, 2809, 2877, 2968, 3594, 3693, 3740, 3899, 4044, 4172, 4588, 5398, 5892, 6055, 7662, 7814, 7935, 8593, 9545, 9816]
28 [110, 453, 837, 1217, 2148, 2896, 3021, 3280, 3370, 3515, 4637, 4651, 4676, 5193, 5624, 5822, 6271, 6914, 7004, 7007, 7632, 7864, 8221, 8744, 9183, 9311, 9946, 9993]
21 [1090, 1093, 1512, 1729, 2573, 2676, 2859, 3405, 3946, 4478, 4964, 5949, 6886, 7254, 7350, 7651, 7992, 8011, 8591, 8906, 9404]
30 [428, 693, 1471, 1764, 1903, 2295, 2307, 2546, 3305, 3434, 3521, 3655, 3769, 3995, 4091, 5508, 5888, 6053, 6299, 7508, 7644, 7821, 8214, 8400, 8409, 8975, 9040, 9180, 9355, 9487]
23 [37, 70, 459, 1046, 2000, 2496, 2542, 2872, 2893, 2894, 3939, 5107, 5548, 5720, 6214, 6253, 6472, 6496, 6867, 6967, 7407, 8552, 9092]
23 [456, 469, 1686, 1799, 1998, 2042, 2577, 3469, 4187, 4253, 4670, 5030, 5343, 6554, 6789, 7473, 8305, 8319, 8532, 8642, 9425, 9454, 9468]
28 [501, 636, 710, 857, 925, 1131, 1813, 1815, 2173, 2194, 2586, 3300, 3531, 3954, 4266, 5048, 5493, 5930, 6491, 6804, 7227, 7365, 7816, 8057, 8645, 8880, 9006, 9610]
39 [9, 286, 579, 903, 1153, 1801, 1876, 2056, 2387, 2536, 2661, 3116, 3671, 4308, 4391, 4432, 4680, 4706, 5778, 5854, 5864, 6098, 6695, 6875, 7160, 7187, 7711, 7805, 8109, 8227, 8285, 8360, 8372, 8587, 8703, 8888, 9414, 9630, 9721]
33 [1019, 1710, 2028, 2236, 2747, 2773, 2874, 2934, 3292, 3348, 3359, 3996, 4143, 4161, 5037, 5295, 5687, 6325, 6326, 6704, 6878, 7138, 7171, 7274, 7610, 7687, 7849, 8015, 8096, 8240, 8465, 9541, 9568]
30 [255, 806, 856, 1501, 1537, 1948, 2135, 2269, 2474, 2926, 2953, 3203, 3296, 3357, 4040, 4509, 4559, 4714, 4904, 4939, 5575, 6186, 7158, 7188, 7984, 8638, 8869, 9122, 9595, 9601]
27 [193, 382, 642, 932, 1226, 2802, 3067, 3379, 3383, 3848, 4319, 4605, 5471, 5498, 6310, 7268, 7345, 8062, 8255, 8384, 8438, 8505, 8973, 9093, 9475, 9494, 9684]
20 [209, 929, 1201, 3245, 3395, 4597, 4733, 4972, 5159, 6022, 6131, 6430, 7084, 7239, 7353, 7581, 7835, 8246, 8542, 9020]
18 [199, 597, 1707, 2115, 2426, 3523, 3709, 4003, 4879, 6018, 6801, 7212, 7230, 7782, 8337, 9719, 9770, 9969]
20 [73, 750, 2139, 3072, 3473, 3613, 4443, 4498, 4829, 5063, 5251, 5558, 5838, 6075, 6237, 6244, 6761, 7567, 8564, 9406]
18 [643, 2510, 2758, 2789, 2900, 3278, 3610, 4009, 4388, 6185, 6245, 6800, 7213, 7449, 7515, 8190, 8377, 8381]
22 [214, 455, 535, 1655, 1778, 1891, 2901, 3002, 3276, 3340, 4182, 4205, 5536, 5804, 5893, 5919, 7577, 8256, 9778, 9806, 9913, 9920]
20 [42, 1191, 2174, 2903, 2972, 3808, 4034, 5917, 6110, 6551, 6753, 7390, 7949, 8315, 8375, 8563, 8718, 9213, 9504, 9606]
28 [478, 721, 1001, 1392, 1575, 1616, 1739, 2913, 3285, 3342, 3569, 3711, 4149, 4244, 4959, 6364, 6615, 7076, 7301, 7576, 7582, 8664, 9298, 9650, 9718, 9837, 9848, 9888]
20 [1044, 1763, 1794, 1861, 2241, 2579, 2626, 3154, 3768, 4627, 4797, 4874, 5420, 5602, 7258, 8022, 8237, 8726, 9048, 9099]
27 [47, 244, 245, 637, 977, 1024, 1410, 1702, 2351, 2719, 2819, 3618, 3875, 4349, 4439, 4565, 5235, 5346, 5448, 6378, 6680, 8451, 8850, 9000, 9054, 9382, 9429]
18 [396, 495, 1462, 1730, 2799, 2982, 5192, 5607, 5650, 5955, 6141, 6209, 6332, 8797, 8905, 9419, 9472, 9538]
22 [87, 183, 282, 1832, 2235, 3717, 3798, 4058, 4073, 4204, 4773, 4985, 6213, 6656, 6717, 7177, 7195, 8030, 8249, 9223, 9271, 9323]
29 [468, 602, 628, 773, 793, 853, 1482, 1770, 3490, 4285, 4736, 4950, 5223, 5974, 5989, 6169, 6203, 6239, 6663, 6712, 6890, 6994, 7670, 7733, 8077, 8154, 8536, 8713, 9971]
30 [517, 659, 1727, 1934, 2316, 3252, 3328, 3627, 3638, 4052, 4441, 4881, 5066, 5481, 5712, 5876, 6410, 6426, 6467, 6716, 7302, 7482, 7824, 7826, 7836, 8460, 8740, 9456, 9582, 9697]
20 [867, 967, 1087, 3011, 4537, 4702, 4901, 5125, 5298, 5357, 6095, 6411, 6534, 6887, 7560, 7912, 9047, 9142, 9825, 9973]
28 [338, 985, 1115, 1307, 2443, 2750, 2765, 2772, 3145, 3704, 3761, 4543, 4673, 4825, 4911, 5104, 5617, 5890, 6025, 6050, 6826, 6832, 6951, 7484, 8223, 8492, 9018, 9343]
27 [5, 43, 44, 605, 705, 790, 969, 1137, 1285, 1333, 1419, 1967, 2059, 2619, 3994, 6067, 6249, 6892, 7594, 7925, 8248, 8343, 8872, 9398, 9664, 9965, 9974]
18 [691, 1185, 1325, 2207, 2873, 3005, 4004, 4112, 4127, 4287, 6009, 6617, 7355, 8611, 8733, 9110, 9228, 9902]
25 [143, 604, 668, 775, 1239, 1350, 1638, 2343, 2675, 4026, 4561, 4732, 4807, 5437, 5867, 6880, 6917, 7478, 7852, 8111, 8498, 8947, 8951, 9096, 9188]
24 [135, 260, 381, 395, 443, 584, 1990, 2522, 2646, 2670, 2931, 3697, 5353, 5484, 5975, 6181, 7352, 7639, 8053, 8534, 8589, 9577, 9725, 9904]
19 [177, 212, 274, 766, 1324, 1650, 2165, 2406, 2439, 6202, 7119, 7266, 7335, 7659, 7845, 7876, 7948, 9173, 9297]
27 [23, 75, 370, 639, 781, 810, 1314, 1510, 1890, 2983, 3089, 3236, 3596, 3782, 4217, 4850, 4971, 5144, 5363, 6993, 7270, 7601, 7790, 8576, 9455, 9597, 9799]
20 [389, 1714, 2079, 2813, 2817, 3095, 5415, 5765, 6217, 6238, 6757, 7017, 7347, 8158, 8353, 8608, 9073, 9288, 9476, 9522]
19 [327, 1083, 1466, 2725, 3240, 3951, 4376, 4698, 5221, 5485, 5670, 5883, 6545, 6583, 6944, 7139, 7705, 9581, 9594]
14 [518, 615, 727, 1130, 2161, 2332, 2962, 3012, 3430, 3968, 4232, 5451, 6036, 8712]
22 [833, 2333, 2597, 2640, 2782, 4382, 4617, 4955, 5318, 5459, 6827, 6889, 7456, 7495, 7637, 7819, 7971, 8218, 8467, 8714, 9245, 9820]
30 [136, 780, 1309, 3162, 3339, 3378, 3388, 4323, 4886, 5060, 5145, 5166, 5440, 5557, 5791, 5859, 5987, 6121, 6263, 6508, 6602, 7640, 7897, 8040, 8456, 8775, 9112, 9309, 9361, 9663]
18 [471, 613, 681, 1716, 2152, 3034, 3105, 3446, 4887, 5152, 5196, 5429, 5444, 5674, 5685, 5992, 8616, 8861]
32 [79, 131, 342, 589, 878, 1088, 1232, 1277, 1328, 1570, 1749, 1910, 1947, 2005, 2020, 2107, 2517, 2792, 3440, 3948, 4379, 4667, 4908, 5832, 5837, 6407, 6627, 6813, 7122, 7439, 9101, 9953]
31 [352, 391, 492, 1369, 1868, 2100, 2193, 3195, 3680, 5140, 5241, 5621, 5727, 5771, 5805, 5860, 6629, 6683, 6750, 7054, 7117, 7225, 7366, 7735, 7801, 7827, 8105, 8480, 8796, 8997, 9557]
17 [1566, 1599, 2146, 3058, 3819, 4100, 4351, 4525, 5603, 7885, 8056, 8458, 8494, 8601, 8630, 9129, 9488]
24 [60, 353, 623, 1171, 1199, 1225, 1385, 1474, 2103, 2462, 2505, 2818, 2939, 3060, 4007, 4997, 5522, 6322, 6563, 6575, 6624, 6669, 6935, 8219]
31 [751, 1558, 1595, 2253, 2699, 2794, 2946, 3257, 3516, 4367, 4581, 4703, 4910, 4928, 4992, 5590, 5724, 5763, 5826, 6089, 6822, 7081, 7607, 7657, 8196, 8344, 8527, 8574, 9270, 9284, 9737]
23 [733, 1782, 2003, 2472, 2502, 2594, 2878, 3133, 3575, 3576, 4019, 4162, 4291, 4664, 5106, 5230, 5920, 6066, 6560, 7123, 8466, 9233, 9636]
25 [163, 504, 744, 869, 1509, 2709, 2718, 3385, 3431, 4528, 4830, 5109, 5355, 5599, 5873, 6412, 6902, 7144, 7176, 7211, 7400, 7565, 7774, 8961, 9393]
25 [532, 908, 993, 2305, 2383, 2384, 3171, 3290, 3726, 4082, 4336, 4346, 4614, 4909, 5605, 5646, 6586, 6682, 7295, 7573, 7736, 8331, 8832, 9871, 9912]
28 [78, 942, 1028, 1860, 2318, 2380, 3295, 3780, 3824, 4045, 4235, 4396, 4459, 4689, 4705, 5320, 6076, 7025, 7232, 7237, 7314, 8031, 8273, 8354, 8879, 9243, 9507, 9622]
18 [677, 2233, 3842, 4136, 4529, 4697, 5540, 5802, 6102, 6198, 6303, 7660, 8010, 9106, 9308, 9367, 9855, 9858]
15 [1134, 1221, 1342, 1477, 1981, 3042, 3141, 3477, 6289, 6847, 6965, 7321, 8904, 8928, 9928]
36 [179, 300, 537, 757, 983, 1514, 1646, 1691, 1989, 2018, 2303, 2810, 2883, 3375, 3502, 4264, 4488, 4906, 5335, 5651, 5958, 6119, 6387, 6922, 6942, 7385, 7965, 7969, 8110, 8157, 8701, 8893, 9004, 9057, 9234, 9378]
28 [168, 186, 509, 578, 1041, 1061, 1302, 1409, 1768, 2641, 2886, 3758, 3844, 3857, 3885, 3975, 3985, 4691, 5547, 5856, 6016, 6772, 6983, 7247, 7271, 7543, 9190, 9994]
21 [145, 848, 1186, 2091, 2131, 2220, 2566, 3251, 3403, 3980, 3997, 4145, 4491, 4735, 5610, 7035, 7316, 8261, 8604, 8824, 9813]
20 [247, 334, 782, 1240, 1335, 1569, 1783, 2486, 2509, 2749, 5409, 6039, 6978, 7470, 8606, 8958, 9017, 9160, 9322, 9926]
16 [2170, 2499, 2865, 2920, 2933, 3263, 4723, 5816, 6434, 7056, 7275, 7964, 8462, 8566, 8985, 9886]
28 [0, 464, 995, 1377, 1517, 1819, 2078, 2158, 2999, 3456, 3826, 3965, 4010, 4190, 4197, 5560, 5932, 6401, 6708, 7079, 8816, 8897, 8898, 8945, 9127, 9170, 9251, 9483]
33 [415, 588, 684, 1266, 1628, 1838, 2668, 2971, 2998, 3055, 3582, 3755, 3836, 4708, 4803, 4925, 5475, 5679, 5942, 6056, 6295, 6930, 7151, 7742, 8241, 8524, 8529, 8950, 9389, 9421, 9539, 9566, 9653]
25 [531, 1023, 1528, 2097, 2129, 2596, 3138, 3970, 4078, 5026, 5718, 6312, 6369, 6605, 6981, 7023, 7222, 7231, 7497, 7530, 7892, 8217, 9067, 9479, 9546]
31 [57, 187, 712, 1026, 1047, 1441, 1920, 2710, 3642, 3669, 3730, 3982, 4064, 4763, 4916, 5265, 5492, 5632, 5639, 5722, 6588, 6985, 7011, 7708, 7874, 8340, 8428, 8599, 8896, 9220, 9979]
23 [304, 726, 854, 2054, 2302, 3696, 4106, 4392, 4623, 4713, 5585, 5880, 6256, 6923, 7135, 7630, 8722, 8946, 9013, 9032, 9312, 9551, 9736]
24 [112, 427, 1368, 1423, 1833, 2974, 3302, 3495, 4331, 4442, 4607, 4843, 5591, 5614, 5956, 5991, 6585, 6606, 7432, 7693, 7862, 8948, 9086, 9105]
32 [625, 696, 729, 817, 1025, 1048, 1653, 1993, 2105, 2869, 3591, 4046, 4357, 4889, 5783, 5965, 6005, 6558, 6562, 6592, 7408, 7500, 7552, 8008, 8178, 8789, 8895, 8995, 9098, 9203, 9420, 9784]
27 [490, 1095, 1129, 1234, 1618, 1719, 1781, 1786, 2199, 2261, 3135, 3442, 3667, 3683, 3757, 4102, 4554, 5360, 5452, 5461, 5682, 6205, 6809, 7354, 8696, 9074, 9258]
40 [83, 238, 1841, 1945, 2310, 2674, 2801, 2904, 3062, 3130, 3155, 3452, 3506, 4055, 4209, 5274, 5443, 5739, 5935, 6060, 6140, 6284, 6351, 6404, 7134, 7611, 8113, 8402, 8541, 8784, 8804, 8849, 8885, 8919, 8933, 9437, 9446, 9734, 9762, 9963]
33 [425, 484, 663, 795, 801, 2330, 2345, 2609, 2723, 3193, 3437, 3877, 4094, 4113, 4292, 4877, 5458, 5539, 5842, 5911, 5953, 6174, 6258, 6490, 6601, 7072, 7461, 7479, 7791, 7915, 7960, 8553, 9466]
27 [169, 237, 392, 444, 1096, 1117, 1520, 1531, 1779, 2487, 4216, 4500, 4575, 4855, 5074, 5385, 5634, 5749, 5761, 6493, 6569, 7146, 7374, 8193, 9689, 9866, 9932]
17 [608, 816, 1391, 1795, 2008, 3579, 3588, 3617, 5732, 7328, 8138, 8661, 8694, 9333, 9588, 9639, 9776]
25 [329, 330, 432, 581, 1040, 1846, 2820, 3318, 3492, 3888, 3909, 4208, 5068, 5073, 5658, 6494, 6651, 6786, 6793, 7080, 7094, 7588, 7880, 8065, 9079]
23 [1384, 2071, 2151, 2433, 2520, 2827, 3344, 3458, 3528, 3678, 4222, 4288, 5910, 6035, 6637, 6808, 7284, 7586, 7903, 8295, 8511, 8923, 9814]
23 [2, 203, 734, 1481, 1983, 2557, 2732, 2781, 2842, 3287, 3294, 3931, 4059, 4582, 5507, 5798, 5926, 6021, 7931, 8142, 8229, 8690, 9616]
26 [916, 1748, 2239, 2354, 2760, 3715, 4234, 4260, 4412, 5375, 6178, 6552, 6679, 6706, 6926, 6963, 7806, 7860, 8037, 8367, 8771, 8811, 9158, 9388, 9520, 9548]
27 [152, 235, 1157, 1533, 2485, 2654, 3010, 3201, 3732, 4550, 5285, 5404, 5988, 6394, 6549, 6732, 7493, 8006, 8038, 8118, 8199, 8921, 8956, 9193, 9424, 9868, 9923]
23 [132, 411, 556, 723, 877, 1207, 1233, 1854, 2027, 2628, 3191, 3475, 4242, 4770, 5014, 5389, 6112, 6134, 6147, 6521, 6611, 7391, 9059]
20 [332, 658, 1597, 2336, 2411, 2531, 3074, 4876, 4885, 6161, 6337, 6737, 7285, 7339, 7384, 7822, 9064, 9161, 9216, 9988]
22 [124, 682, 789, 1078, 1564, 1963, 1994, 3199, 3602, 3952, 4632, 4795, 5173, 7085, 7486, 7548, 7851, 8074, 8500, 8514, 9081, 9352]
24 [188, 2064, 2082, 2543, 2617, 2680, 4277, 5533, 5559, 5698, 5737, 5743, 6221, 6471, 7553, 7677, 7685, 8150, 8579, 8653, 8724, 9063, 9503, 9769]
23 [293, 390, 614, 644, 1296, 1388, 1924, 1984, 2052, 2445, 2826, 3078, 4665, 4875, 4913, 4978, 5984, 7628, 7982, 8018, 8890, 9318, 9358]
16 [571, 1036, 1058, 1484, 2994, 3389, 3562, 4358, 4727, 5531, 5951, 6109, 6216, 8429, 8924, 8939]
19 [55, 140, 647, 1252, 1554, 1690, 2058, 2143, 2854, 3387, 3520, 4180, 5047, 6526, 6928, 7298, 7502, 8303, 9678]
27 [493, 540, 596, 1264, 1417, 2120, 2274, 2524, 2741, 2987, 3129, 3176, 3258, 3749, 4006, 5845, 6027, 6106, 6199, 6452, 6630, 6684, 8041, 8107, 8435, 9474, 9817]
29 [180, 250, 699, 2043, 2067, 2655, 2684, 2948, 3032, 3320, 3663, 4175, 4480, 4519, 4684, 4846, 5730, 5792, 6505, 6555, 6578, 7009, 7837, 7936, 7962, 8195, 9562, 9649, 9890]
25 [257, 1270, 1908, 2325, 2959, 2984, 3092, 3219, 3420, 3864, 4611, 4817, 4844, 5029, 5161, 5179, 5362, 6211, 6468, 7092, 8501, 8581, 9095, 9200, 9585]
20 [988, 2742, 3264, 3404, 4329, 4687, 5124, 5224, 5812, 6138, 6487, 7775, 7974, 7981, 8130, 8557, 8662, 8792, 9125, 9940]
20 [192, 568, 928, 955, 2077, 2529, 2965, 3906, 4510, 4606, 4852, 5200, 5244, 5319, 5784, 7680, 7886, 8483, 9515, 9821]
29 [290, 379, 387, 412, 565, 1562, 2141, 2144, 2366, 2373, 2606, 2927, 3282, 4420, 4496, 5052, 6212, 6248, 6752, 6879, 7053, 7383, 7619, 7676, 8228, 8338, 8887, 9369, 9439]
18 [1175, 1624, 1699, 1870, 1951, 3183, 4316, 4917, 5303, 5342, 5697, 5764, 6688, 6769, 6925, 7516, 7865, 9034]
21 [72, 279, 574, 1079, 1254, 1311, 1364, 1460, 2769, 3630, 6328, 6375, 6503, 7101, 7166, 7182, 7759, 8176, 8990, 9675, 9878]
25 [399, 666, 786, 1003, 1978, 2475, 2507, 2951, 2992, 3214, 3701, 3986, 4327, 4777, 6907, 6941, 7110, 7772, 8935, 9184, 9274, 9383, 9486, 9547, 9883]
23 [725, 1345, 2099, 2600, 3393, 3868, 4013, 5008, 5184, 5525, 5799, 7083, 7181, 7324, 7643, 8068, 8444, 8783, 8859, 8959, 9001, 9713, 9832]
26 [10, 1166, 1331, 1491, 2552, 2673, 3073, 3345, 3372, 3486, 3823, 4028, 4043, 4567, 4674, 4739, 5040, 6300, 6764, 6782, 7787, 8627, 8854, 9264, 9529, 9750]
27 [321, 409, 494, 683, 882, 910, 911, 1928, 3244, 3283, 3483, 3654, 3714, 4080, 4090, 4293, 4372, 4675, 5990, 6821, 7595, 7674, 7724, 9150, 9540, 9549, 9984]
25 [99, 505, 536, 592, 1203, 1236, 1835, 2283, 2412, 2468, 2652, 2908, 2952, 3417, 3568, 3759, 3859, 5774, 6785, 6803, 7185, 8393, 9008, 9051, 9526]
25 [376, 562, 601, 1113, 1411, 1469, 1565, 1619, 2096, 2346, 2656, 3611, 5067, 5252, 5349, 5626, 6012, 6319, 6469, 6709, 6738, 7545, 9470, 9602, 9647]
28 [533, 539, 2074, 2483, 2783, 2832, 3014, 3036, 4408, 4771, 5499, 5609, 6443, 6500, 6506, 6885, 6931, 7761, 7834, 8028, 8365, 8474, 8695, 8838, 9012, 9530, 9561, 9803]
26 [297, 343, 870, 1372, 1944, 2109, 2389, 2478, 2608, 2823, 2898, 2902, 3355, 4077, 4133, 4352, 4535, 4896, 5057, 5750, 6566, 7342, 8198, 8672, 8819, 9787]
25 [97, 598, 745, 1060, 1297, 1353, 1636, 2251, 2306, 3045, 3260, 3460, 3653, 3765, 5431, 5709, 6479, 6607, 7783, 8182, 8281, 8571, 8753, 8878, 9084]
25 [1243, 1443, 1607, 1991, 3046, 3121, 3741, 4368, 4435, 4504, 4942, 5165, 5232, 5829, 6376, 6610, 6623, 6986, 7710, 8202, 8651, 8788, 8833, 9480, 9768]
27 [513, 952, 1547, 2119, 2400, 2405, 3526, 4591, 4749, 4787, 4902, 4947, 5422, 5472, 5858, 6182, 6568, 7189, 7309, 7420, 7570, 7713, 7720, 8098, 8216, 8431, 8725]
31 [502, 697, 1213, 1568, 1829, 2149, 3117, 3774, 3785, 4218, 4271, 4511, 4657, 5100, 5456, 5796, 5814, 5847, 6218, 6229, 8052, 8144, 8149, 8243, 8598, 8823, 8925, 9260, 9502, 9735, 9743]
23 [248, 587, 707, 761, 947, 1298, 1584, 2506, 2729, 2839, 3150, 5154, 5569, 5676, 6008, 6079, 7337, 7389, 7394, 7841, 8508, 9827, 9853]
28 [90, 126, 149, 546, 555, 880, 1099, 1197, 1383, 1735, 2229, 2275, 3760, 3891, 4048, 4184, 4462, 4865, 6523, 6647, 7013, 7069, 7979, 8274, 8614, 8894, 9652, 9715]
18 [1663, 2232, 4905, 5418, 5455, 5767, 5797, 6118, 6156, 6330, 6631, 7423, 7748, 8447, 8929, 9076, 9276, 9609]
30 [77, 276, 467, 485, 1800, 3069, 3550, 4458, 4663, 4814, 5815, 6151, 6556, 6665, 7067, 7220, 7305, 7370, 7665, 7686, 7737, 7746, 7901, 7956, 8565, 9023, 9100, 9348, 9885, 9990]
31 [46, 159, 499, 538, 893, 998, 1412, 1440, 2063, 2479, 2786, 2906, 3037, 3066, 3126, 3518, 3920, 3981, 4484, 4541, 4751, 4806, 5150, 5174, 5321, 6058, 6267, 6714, 8092, 9802, 9843]
22 [534, 740, 1508, 1588, 1666, 2218, 2409, 2440, 3196, 3284, 3624, 4551, 5239, 5851, 6228, 6298, 7102, 7358, 8860, 9149, 9510, 9844]
24 [54, 460, 778, 828, 930, 963, 1513, 1577, 2157, 2704, 3076, 3186, 4636, 4890, 4952, 5439, 5562, 6306, 6639, 7832, 7989, 8761, 9065, 9402]
23 [887, 2132, 2227, 2284, 2464, 2730, 3451, 3632, 3866, 4154, 5637, 6071, 6115, 6143, 6459, 6533, 6673, 7002, 8061, 8200, 8521, 9481, 9836]
33 [687, 997, 1138, 1267, 1280, 1305, 1483, 2053, 2111, 2320, 2391, 2534, 2757, 3593, 3787, 4243, 4499, 4578, 4903, 4922, 5123, 5297, 5454, 5579, 6940, 7243, 7291, 7476, 7556, 8510, 8834, 8857, 9852]
30 [3, 86, 130, 155, 849, 1176, 1489, 2004, 2252, 2363, 2418, 2884, 2932, 3659, 3721, 4306, 4677, 4730, 5164, 5207, 5979, 6429, 6653, 6700, 8209, 8877, 9250, 9505, 9760, 9823]
16 [158, 426, 819, 2246, 4035, 4299, 4471, 4594, 5427, 5823, 6290, 6544, 7260, 8115, 8903, 9118]
22 [339, 422, 999, 1470, 1499, 1605, 1804, 2554, 3762, 6367, 6513, 6774, 6845, 7168, 7592, 7938, 8569, 8697, 8882, 9178, 9517, 9631]
31 [377, 394, 541, 746, 845, 1486, 1717, 1725, 2026, 2134, 3106, 4050, 4625, 4828, 5447, 5699, 6246, 6435, 6528, 6842, 6897, 7153, 7363, 7683, 7878, 8089, 8676, 8883, 9391, 9712, 9907]
16 [784, 975, 1343, 1468, 1865, 2549, 2562, 3770, 4364, 5001, 5446, 7087, 7269, 7975, 8417, 9929]
28 [219, 231, 1278, 1295, 2051, 2270, 2415, 2421, 2665, 2796, 2868, 2956, 3207, 3411, 3472, 3999, 4185, 4279, 5438, 5620, 6770, 6828, 7089, 7786, 7894, 8891, 9221, 9371]
22 [593, 1059, 1071, 1476, 1574, 2812, 2912, 3166, 3676, 4634, 4943, 5134, 5865, 6255, 6836, 7107, 7756, 9031, 9176, 9265, 9590, 9922]
27 [202, 1273, 2611, 2759, 2829, 3776, 4259, 4505, 4512, 4544, 4717, 4718, 4762, 4888, 5219, 5430, 5487, 5986, 6386, 7046, 7563, 7859, 8044, 8528, 9295, 9319, 9896]
19 [228, 335, 577, 1101, 1346, 2553, 2644, 2881, 3119, 3513, 3772, 3805, 6510, 7294, 7709, 7804, 7813, 8810, 9961]
24 [404, 474, 516, 1111, 1912, 2286, 3029, 3163, 3275, 3685, 4699, 4976, 5147, 5225, 6858, 6911, 7550, 7673, 8280, 8412, 8827, 8901, 9766, 9930]
28 [36, 742, 866, 2140, 2257, 2564, 3291, 4120, 4999, 5155, 5209, 6083, 6226, 6314, 6372, 6442, 6470, 6537, 6597, 6818, 6947, 7893, 7902, 9206, 9281, 9330, 9646, 9781]
25 [287, 489, 2181, 2266, 2702, 2825, 3015, 3200, 3601, 4087, 4147, 4256, 4398, 4429, 5486, 6179, 6612, 6678, 6748, 7627, 7722, 7800, 8125, 8194, 9665]
37 [137, 703, 1402, 1732, 2011, 2216, 2312, 2352, 2776, 3425, 3527, 3530, 3773, 3847, 3972, 4071, 4125, 4453, 4486, 4805, 5102, 5163, 5899, 5998, 6734, 6758, 6795, 7950, 8482, 8621, 8665, 8698, 8728, 9041, 9254, 9259, 9839]
28 [51, 308, 319, 564, 701, 841, 1431, 1556, 1609, 1720, 2159, 2188, 2567, 2698, 3143, 3546, 3929, 3983, 4068, 4167, 4835, 4979, 7404, 8644, 8748, 9956, 9982, 9999]
30 [120, 185, 221, 230, 263, 298, 1946, 2182, 2544, 3241, 3689, 4156, 4857, 4966, 5394, 6153, 6277, 6954, 7215, 7409, 7745, 7798, 7808, 8267, 8580, 9128, 9138, 9207, 9485, 9730]
24 [273, 393, 821, 871, 1119, 1774, 2662, 3390, 4725, 4891, 4981, 5077, 5133, 5293, 5523, 5813, 6790, 7202, 8088, 8231, 9342, 9655, 9779, 9892]
15 [21, 1092, 1503, 2637, 3585, 4965, 5944, 6173, 7262, 7446, 8430, 8488, 8551, 8991, 9835]
29 [915, 1045, 1358, 1817, 1921, 1926, 2292, 2470, 3311, 3331, 3706, 3925, 4155, 5024, 5266, 5332, 5779, 5824, 6278, 6932, 6996, 7036, 7057, 7494, 7572, 7764, 7932, 7954, 9379]
28 [1085, 1245, 1449, 1882, 2256, 3243, 3444, 3463, 3984, 4032, 4399, 4743, 4986, 5122, 5177, 5715, 6596, 6659, 7357, 7364, 7557, 7844, 8395, 8623, 9246, 9306, 9354, 9465]
20 [299, 777, 831, 1754, 1974, 2986, 3038, 3441, 5305, 5424, 5465, 5616, 6279, 6492, 6725, 7440, 7999, 9395, 9625, 9977]
26 [500, 685, 698, 1094, 2497, 2624, 2922, 3039, 3059, 3737, 4389, 5016, 5220, 6176, 6280, 6696, 7514, 7900, 7996, 8025, 8538, 8667, 8709, 8785, 9651, 9831]
21 [165, 417, 641, 941, 1253, 1633, 1821, 2861, 3589, 3814, 4984, 5118, 5354, 5473, 6450, 7012, 7042, 7580, 7890, 8639, 9030]
26 [151, 759, 2395, 2423, 2471, 2541, 2649, 2691, 3013, 3313, 3962, 4374, 4715, 5397, 5528, 5993, 6052, 6999, 7162, 7360, 7397, 7465, 7533, 8399, 9133, 9876]
19 [133, 524, 1042, 1557, 2237, 2523, 3215, 3267, 3360, 6313, 6527, 6670, 7244, 7332, 7725, 7817, 8286, 8547, 8815]
25 [25, 511, 965, 1149, 1791, 2407, 2871, 2935, 3677, 4074, 4700, 5087, 5158, 5309, 5356, 5403, 5862, 5945, 6127, 7242, 7306, 8033, 8518, 9644, 9746]
30 [586, 692, 835, 939, 1190, 1238, 1284, 1775, 1802, 1988, 2172, 2770, 2791, 3175, 3979, 4181, 4641, 5870, 5966, 6236, 6456, 6577, 7039, 7371, 7525, 7916, 8592, 8759, 8793, 9492]
14 [207, 815, 1475, 2321, 2404, 3433, 3644, 4522, 5347, 5940, 6511, 7050, 8519, 9217]
30 [796, 799, 1037, 1291, 1319, 1657, 1830, 2187, 3491, 3643, 4342, 4831, 5046, 5076, 5121, 5497, 5510, 5811, 5946, 6812, 6959, 7251, 7584, 7633, 8151, 8677, 8688, 9899, 9916, 9975]
16 [262, 884, 1247, 1490, 2591, 3153, 3265, 3993, 4569, 5227, 6338, 7418, 7658, 8559, 9478, 9782]
24 [446, 1596, 2585, 3051, 3707, 4174, 4201, 4428, 4695, 4824, 4897, 5314, 5733, 7052, 7248, 7376, 7672, 7908, 8058, 8419, 9130, 9229, 9576, 9924]
26 [1127, 1195, 1996, 2273, 2416, 2627, 2879, 3904, 4427, 4809, 4998, 5162, 5198, 5570, 5630, 5664, 5980, 6633, 6961, 7990, 8232, 8290, 9618, 9640, 9783, 9891]
21 [731, 754, 807, 1675, 1973, 2659, 2991, 3309, 3361, 5654, 5905, 6232, 6859, 7186, 8081, 8239, 8282, 8702, 9194, 9579, 9619]
28 [310, 927, 1140, 1173, 1255, 2559, 2615, 3000, 3208, 3366, 3658, 4340, 4540, 4854, 5323, 5399, 5549, 6019, 6293, 6565, 6844, 7443, 8174, 8477, 8546, 9082, 9202, 9788]
28 [272, 674, 858, 863, 1072, 1379, 1522, 1742, 2037, 2184, 2721, 2938, 3075, 3159, 4355, 4849, 4861, 4870, 5435, 5762, 6320, 7489, 7780, 7913, 8335, 8864, 9077, 9208]
21 [30, 600, 973, 2314, 2581, 2752, 2945, 3860, 4487, 4492, 4707, 5081, 5090, 5744, 6074, 7236, 7343, 9025, 9144, 9634, 9703]
25 [1621, 2176, 2190, 2264, 2751, 3001, 3024, 3097, 3637, 3784, 3978, 4513, 4769, 4851, 4919, 5561, 6100, 6780, 7312, 7426, 7652, 7752, 7955, 8160, 9726]
22 [144, 1889, 3164, 3381, 3459, 3532, 3801, 4021, 4099, 4302, 4347, 4452, 4460, 5004, 5080, 5331, 5556, 5748, 6595, 6608, 8189, 9572]
29 [108, 347, 373, 423, 719, 937, 1237, 1687, 2046, 2101, 2631, 3634, 3783, 4969, 5126, 5417, 5572, 5640, 6200, 6204, 6655, 6685, 7065, 7125, 7445, 8168, 8643, 8716, 9600]
23 [243, 285, 341, 2590, 2657, 2715, 3028, 3858, 4225, 4370, 4483, 4656, 5012, 5467, 6164, 6171, 6348, 6428, 6540, 7207, 8004, 8558, 8588]
33 [227, 950, 1054, 1172, 1507, 1772, 2370, 2717, 3125, 3274, 3325, 3874, 4165, 4300, 4493, 4572, 4791, 5138, 5402, 6242, 6294, 6618, 6837, 7349, 7396, 7472, 7555, 7978, 8268, 8455, 8473, 9307, 9373]
26 [543, 664, 676, 822, 976, 1445, 2248, 4199, 4363, 5033, 5167, 5195, 5201, 5576, 5588, 5773, 6455, 6711, 6934, 7029, 7175, 8139, 9506, 9528, 9752, 9842]
23 [814, 926, 1205, 2396, 2703, 3326, 3376, 3640, 3835, 4318, 4639, 5096, 6477, 6515, 6690, 6773, 6824, 7458, 8828, 9114, 9386, 9451, 9693]
24 [161, 356, 368, 865, 872, 881, 966, 1622, 1812, 1919, 2398, 3016, 3149, 3412, 3991, 4119, 5414, 6065, 6448, 7574, 8050, 8831, 9418, 9764]
21 [296, 345, 603, 1121, 1272, 1523, 1808, 1840, 3184, 3392, 3818, 3863, 3944, 5625, 7561, 7566, 7613, 7889, 8472, 8800, 9574]
27 [13, 364, 646, 1282, 1780, 2221, 2528, 2976, 3971, 4309, 4547, 4662, 5215, 5597, 5606, 5638, 7137, 7755, 8017, 8631, 8652, 9124, 9531, 9741, 9754, 9860, 9893]
30 [547, 2006, 2526, 2816, 3112, 3480, 3566, 3955, 4207, 4212, 4616, 4693, 4716, 5061, 5545, 5677, 5745, 5925, 6020, 6031, 6391, 6541, 7051, 7141, 7535, 7682, 8317, 8889, 9635, 9901]
21 [232, 380, 557, 1052, 1871, 2038, 2422, 2632, 2689, 2726, 3256, 3800, 3926, 4958, 5006, 5268, 5392, 6701, 7361, 8266, 8934]
21 [842, 2828, 3343, 3595, 3621, 4425, 4840, 5310, 5527, 6172, 7403, 7776, 7957, 8043, 8225, 8406, 8949, 9215, 9570, 9642, 9740]
29 [405, 445, 1275, 1433, 1647, 1694, 3261, 3406, 3563, 4166, 4377, 4926, 5055, 5097, 5478, 6287, 7392, 7480, 8170, 8345, 8572, 8770, 8812, 8974, 9107, 9214, 9695, 9706, 9761]
25 [632, 762, 961, 1279, 2323, 2891, 4116, 4142, 4402, 5206, 5503, 6096, 6183, 6591, 7617, 7773, 7933, 8036, 8063, 8136, 8830, 8987, 8988, 9137, 9668]
25 [17, 258, 355, 661, 1114, 1136, 2179, 2724, 3227, 3497, 4977, 5373, 5719, 6939, 7338, 8301, 8791, 8813, 9037, 9058, 9061, 9544, 9604, 9671, 9749]
24 [968, 1312, 1511, 1590, 1705, 1762, 1911, 2647, 3779, 3822, 4178, 4270, 4682, 4685, 5696, 6045, 6721, 6767, 8250, 8346, 8404, 8424, 8512, 9334]
17 [554, 669, 1625, 2427, 3514, 3794, 3935, 4628, 4648, 4782, 5710, 5839, 6698, 7875, 8851, 9237, 9669]
24 [18, 24, 2539, 2570, 4085, 4397, 4445, 4479, 4506, 5084, 5520, 6243, 6550, 6580, 7276, 7356, 7828, 8276, 8336, 8359, 8506, 8689, 8720, 9732]
18 [410, 1371, 1825, 2095, 2519, 2963, 3165, 3795, 4348, 4526, 5371, 6017, 6157, 6873, 7045, 7129, 7169, 9289]
29 [292, 447, 913, 1463, 2342, 2512, 2798, 3048, 3457, 3661, 3764, 4754, 4780, 4784, 5334, 5382, 5734, 5841, 5994, 6084, 6514, 6587, 6918, 7457, 7505, 8373, 8549, 8613, 9146]
25 [440, 695, 1027, 1177, 1487, 1678, 2453, 2595, 2598, 2735, 4365, 6130, 6530, 7447, 7526, 7877, 8045, 8210, 8284, 8602, 8884, 9464, 9591, 9626, 9714]
33 [8, 223, 305, 980, 2344, 2612, 2808, 2860, 3448, 4121, 4130, 4203, 4296, 4568, 4832, 5372, 5825, 5877, 5963, 6026, 6145, 6345, 6724, 6901, 7003, 7228, 7264, 7412, 7604, 8746, 9155, 9249, 9375]
30 [148, 621, 650, 1146, 1461, 1515, 3110, 3206, 3232, 3380, 3464, 3466, 4802, 5490, 5875, 6104, 6262, 6641, 6924, 7154, 8021, 8187, 8208, 8806, 9007, 9252, 9301, 9351, 9589, 9874]
27 [224, 480, 899, 1005, 1315, 1532, 1600, 1806, 2118, 2210, 2966, 3174, 3330, 3698, 3903, 4339, 4555, 5339, 5551, 6311, 6779, 7038, 7599, 7621, 9154, 9497, 9795]
24 [1747, 2692, 2733, 2843, 2870, 2950, 3080, 3084, 3323, 4016, 4075, 4151, 4542, 5185, 5263, 5329, 5663, 6579, 7159, 7290, 7976, 8135, 8481, 8628]
17 [213, 386, 936, 1684, 1711, 1809, 2461, 4029, 5020, 5416, 8405, 8504, 8531, 8590, 8909, 9162, 9676]
27 [69, 645, 1021, 1224, 1400, 1887, 2093, 2337, 2530, 3883, 4159, 4240, 4516, 4931, 5071, 5234, 6230, 6681, 6730, 7145, 7430, 7794, 7939, 8426, 8634, 9177, 9611]
31 [527, 569, 572, 1382, 1446, 3168, 3468, 3555, 3892, 4622, 4823, 5127, 5563, 6139, 6231, 7147, 7318, 7536, 7587, 7721, 7754, 7934, 8023, 8386, 8516, 8584, 8938, 9209, 9210, 9573, 9948]
22 [266, 351, 430, 617, 690, 724, 728, 979, 1332, 1971, 2204, 2298, 2382, 2814, 3682, 4030, 5325, 5916, 6054, 7917, 8145, 8760]
30 [82, 435, 652, 730, 739, 1155, 1530, 1787, 1805, 2378, 2441, 2593, 2687, 3493, 3536, 3873, 4206, 4859, 5078, 5171, 5341, 6133, 6956, 7120, 7143, 7551, 8730, 9491, 9670, 9742]
19 [81, 458, 521, 765, 1009, 1110, 1406, 1788, 3346, 4514, 4602, 5259, 5736, 6406, 6463, 6835, 7919, 9218, 9231]
31 [92, 216, 826, 1075, 1082, 1612, 1641, 1648, 1826, 2002, 2484, 2558, 2635, 2763, 2958, 3247, 3481, 3519, 4170, 4330, 4644, 5405, 5571, 6063, 6424, 7028, 7064, 7491, 7615, 9729, 9745]
24 [88, 403, 528, 1066, 1192, 1326, 2990, 3229, 3498, 3600, 3830, 4507, 4838, 5120, 5395, 6686, 6977, 7380, 7579, 7622, 7792, 8094, 8912, 9560]
26 [566, 722, 1056, 1304, 2094, 2263, 2449, 2561, 2800, 2885, 3416, 3781, 3933, 4724, 4729, 4748, 5901, 6382, 6571, 6598, 7464, 7475, 7511, 8780, 9157, 9512]
26 [80, 122, 1249, 1685, 1789, 1885, 1943, 2408, 3692, 3910, 3912, 4214, 4579, 4776, 5971, 6421, 7116, 7283, 7340, 7793, 8410, 9022, 9385, 9875, 9887, 9931]
20 [371, 419, 653, 886, 1723, 2452, 2911, 3336, 3896, 4333, 4688, 4833, 4945, 5713, 5747, 6159, 6658, 7278, 9011, 9140]
24 [599, 873, 906, 1355, 2371, 2385, 2448, 3169, 3571, 3728, 4424, 5208, 6929, 7006, 7199, 7454, 7650, 7855, 8123, 8316, 8416, 8774, 9637, 9755]
17 [167, 1436, 1931, 2863, 3462, 3813, 4228, 4386, 4556, 4562, 5069, 5191, 6643, 7323, 8738, 8777, 9809]
27 [138, 170, 470, 889, 1701, 2153, 2964, 4017, 4124, 4533, 5099, 5137, 5376, 5541, 5655, 5800, 5874, 6478, 6517, 6894, 7031, 7118, 7223, 7873, 8348, 8723, 8920]
20 [449, 575, 1421, 2191, 3890, 3959, 4957, 4988, 5338, 5766, 6038, 6398, 7474, 8054, 8078, 8322, 8334, 8450, 8457, 9278]
18 [672, 1310, 2381, 3210, 3626, 3817, 4527, 5119, 5330, 5529, 6233, 6652, 7148, 7815, 8632, 8654, 9438, 9459]
26 [142, 162, 171, 1070, 1124, 1286, 1536, 1559, 1816, 1879, 2014, 2477, 3006, 4747, 5631, 6144, 6582, 6905, 7082, 7121, 8060, 8750, 8776, 9230, 9534, 9906]
23 [675, 804, 1573, 1593, 1755, 2150, 3353, 3400, 3915, 3987, 4036, 4246, 5566, 5817, 5914, 8297, 8443, 9029, 9119, 9273, 9280, 9473, 9509]
29 [510, 959, 1478, 1814, 2089, 2504, 2622, 2797, 2910, 3144, 3301, 4274, 4413, 4464, 4755, 5258, 5889, 6543, 6953, 7250, 7435, 7609, 7857, 8540, 8556, 8635, 9072, 9700, 9771]
24 [53, 809, 934, 1210, 2040, 2574, 2980, 3622, 3722, 5491, 5895, 6062, 6466, 6703, 7369, 7671, 8478, 8517, 8752, 8779, 9103, 9381, 9711, 9792]
22 [610, 1262, 1611, 2259, 2466, 2734, 3100, 3688, 3924, 4066, 4298, 5623, 6354, 6423, 6645, 6900, 7387, 8042, 8206, 8913, 9384, 9552]
22 [74, 585, 620, 844, 1167, 1246, 1416, 3407, 4081, 4194, 4362, 5231, 5340, 6091, 6342, 8368, 8502, 8640, 8739, 8743, 9403, 9415]
15 [475, 1376, 1902, 3221, 4115, 5567, 6291, 6884, 7174, 7796, 8166, 8550, 8617, 8842, 9701]
26 [996, 1151, 2919, 2942, 3064, 3131, 3358, 3695, 4047, 4215, 4269, 4371, 5000, 5565, 5628, 5725, 5726, 5924, 6252, 6966, 7263, 7451, 8452, 8678, 8745, 9049]
29 [1187, 1518, 1645, 1892, 1909, 2254, 2258, 2430, 2944, 3222, 4273, 4436, 4883, 5501, 5701, 5850, 5936, 6037, 6296, 6912, 7286, 7681, 7739, 8090, 8300, 8341, 8392, 8657, 9350]
27 [156, 200, 367, 715, 1347, 1844, 2329, 2618, 2954, 4314, 4393, 4598, 5752, 5790, 6765, 6841, 6874, 7136, 7167, 7170, 7311, 7519, 7590, 9027, 9044, 9796, 9895]
28 [756, 1200, 1204, 1401, 1610, 1834, 2171, 2362, 2568, 2572, 3167, 3235, 3570, 3720, 4239, 4558, 5187, 6041, 6297, 6516, 6943, 7020, 7839, 8275, 8687, 9313, 9364, 9628]
31 [607, 1086, 1374, 1492, 1888, 1962, 2087, 2142, 3293, 3371, 3754, 4056, 4169, 4752, 5075, 5110, 5139, 6011, 6219, 6460, 6938, 7191, 7401, 7866, 7879, 7918, 8390, 9143, 9445, 9447, 9937]
26 [1065, 1193, 2137, 2315, 2876, 3081, 3157, 3605, 3665, 3705, 3744, 3865, 4380, 4515, 4660, 4821, 5168, 5282, 5753, 6268, 6840, 7336, 8931, 9598, 9739, 9943]
23 [573, 832, 981, 1181, 1452, 2031, 2442, 3134, 5005, 5489, 5582, 5598, 6029, 6370, 6619, 6660, 7131, 7667, 7921, 8964, 9156, 9638, 9661]
24 [113, 261, 529, 1068, 1161, 1608, 2327, 2755, 2756, 3882, 4321, 4489, 4796, 5516, 5820, 6334, 6476, 6872, 6968, 8992, 9360, 9442, 9909, 9983]
21 [827, 2576, 3727, 4152, 4630, 5396, 6088, 6257, 6666, 7104, 7161, 7696, 7762, 7972, 8047, 8159, 8350, 9126, 9448, 9794, 9917]
26 [76, 638, 895, 931, 1276, 2514, 2696, 3429, 3455, 3733, 4195, 4283, 4990, 5039, 5202, 5256, 5336, 6184, 6740, 6797, 7346, 7778, 8134, 8262, 9113, 9596]
26 [11, 58, 1261, 1323, 1435, 2777, 2830, 3534, 3786, 4856, 5017, 6111, 6692, 6796, 6861, 6871, 6919, 7267, 7344, 7517, 7692, 8874, 8993, 9268, 9353, 9767]
31 [275, 450, 783, 1521, 1524, 2098, 2265, 2476, 2555, 3349, 3825, 3932, 4067, 5151, 5929, 6034, 6331, 6744, 6787, 7027, 7048, 7074, 7523, 7629, 7751, 7888, 7909, 7947, 8051, 8870, 9708]
39 [253, 284, 706, 755, 802, 1465, 1741, 1758, 1761, 1790, 2012, 2189, 2338, 2862, 3128, 3177, 3182, 3297, 3347, 3482, 3577, 3647, 4101, 4164, 4193, 5186, 5301, 5369, 6040, 6625, 7210, 7281, 7944, 8120, 8794, 9407, 9452, 9620, 9811]
23 [514, 657, 688, 785, 1810, 2041, 2672, 3087, 3341, 3572, 3651, 4800, 5333, 5586, 6170, 6269, 6321, 6359, 7540, 8116, 9060, 9723, 9731]
25 [1380, 1670, 1857, 1896, 2156, 2501, 2766, 2778, 2844, 4025, 4341, 4406, 5148, 5260, 5291, 5512, 5887, 5903, 5938, 6349, 6802, 8146, 9785, 9985, 9998]
18 [125, 369, 824, 1074, 1316, 1451, 2039, 3224, 3802, 4304, 4322, 5132, 5255, 5915, 6117, 7695, 9396, 9508]
31 [201, 325, 337, 360, 530, 704, 1872, 2029, 2080, 2185, 2460, 3447, 3599, 4280, 4312, 4531, 5213, 5480, 5573, 6002, 6113, 6292, 6488, 6958, 7197, 7702, 8387, 8523, 8767, 9489, 9786]
31 [195, 408, 561, 591, 912, 1318, 1572, 2550, 2599, 2840, 3004, 3026, 3748, 4466, 4546, 4647, 6276, 6324, 6694, 7040, 7156, 7468, 8171, 8308, 8543, 8808, 9336, 9662, 9856, 9967, 9970]
19 [50, 970, 1459, 2203, 2571, 3057, 3306, 3777, 3839, 3913, 4385, 5229, 5740, 5999, 6584, 6814, 7429, 8309, 9564]
22 [196, 1032, 1142, 1143, 1163, 1422, 2069, 2205, 2414, 3170, 3423, 3494, 3763, 4775, 5365, 5453, 6329, 6949, 7310, 8245, 8530, 8809]
27 [6, 627, 709, 2537, 2569, 2638, 2671, 2880, 3500, 3710, 3771, 4470, 4563, 4953, 5194, 5584, 5882, 6264, 6945, 7319, 7359, 7648, 7871, 8163, 8201, 8259, 8414]
17 [26, 118, 1097, 1152, 3018, 3373, 4482, 4599, 5366, 5789, 5912, 7542, 7843, 8361, 8403, 8837, 9841]
25 [101, 324, 660, 747, 1745, 2222, 2822, 3189, 3335, 3362, 3478, 3549, 3938, 4982, 5364, 5555, 5884, 6049, 7183, 8497, 9152, 9401, 9934, 9938, 9987]
23 [210, 265, 281, 919, 971, 1073, 1386, 1715, 2538, 4001, 4042, 4111, 4810, 4940, 5897, 6068, 7096, 7987, 8704, 8805, 9440, 9467, 9555]
25 [442, 1109, 1373, 1623, 1855, 1858, 2136, 2663, 2852, 3063, 3289, 4294, 4864, 5083, 5262, 6355, 6609, 7731, 7968, 8001, 8020, 8342, 8953, 9186, 9658]
23 [749, 1591, 1862, 2104, 2186, 2784, 2996, 3337, 3812, 4105, 4138, 4620, 4790, 5700, 5731, 6776, 6972, 7331, 7868, 7997, 8491, 8941, 9370]
20 [289, 909, 2007, 2068, 2681, 2753, 2961, 4139, 5249, 5913, 5983, 6393, 6489, 6529, 7498, 7928, 7963, 8191, 9123, 9499]
23 [93, 303, 461, 640, 830, 1283, 1632, 1726, 2390, 3158, 3377, 3612, 4384, 4553, 4590, 5378, 5464, 6366, 6640, 6763, 7428, 9390, 9857]
24 [883, 1125, 1184, 1692, 1980, 2061, 2070, 2299, 2666, 2728, 3023, 4245, 4884, 4893, 5041, 5390, 5941, 6158, 7070, 7647, 8586, 9357, 9925, 9992]
28 [7, 357, 497, 1918, 2388, 2740, 3363, 3914, 4061, 4741, 5028, 5135, 5633, 5869, 6480, 7021, 7026, 7103, 7434, 7624, 7701, 8454, 8548, 8609, 9329, 9339, 9450, 9864]
29 [40, 522, 558, 1527, 1966, 2034, 2114, 2503, 2592, 2634, 2957, 2995, 3124, 3810, 4079, 4369, 4417, 4750, 5292, 5647, 6023, 6220, 7030, 7405, 8000, 8442, 8944, 9257, 9409]
29 [62, 102, 576, 914, 1322, 1722, 1842, 2431, 2545, 2633, 2746, 3086, 3218, 3736, 4250, 4564, 4635, 5013, 5142, 5276, 5327, 5411, 5645, 6250, 6620, 6710, 7684, 8005, 8840]
34 [114, 454, 482, 711, 1189, 1209, 1269, 1867, 1893, 1897, 2296, 2367, 2413, 2548, 3535, 5504, 5759, 6723, 6777, 7112, 7393, 7958, 8016, 8128, 8423, 8554, 8707, 9068, 9094, 9185, 9328, 9400, 9691, 9780]
21 [618, 900, 1016, 1378, 1414, 1567, 1651, 1972, 2515, 4118, 4576, 4863, 5277, 5580, 5613, 6380, 6806, 7616, 8362, 8727, 9955]
19 [256, 400, 544, 2328, 3724, 4092, 4276, 5203, 5589, 6881, 7173, 7606, 7765, 8046, 8999, 9085, 9826, 9881, 9910]
19 [735, 1080, 1162, 1539, 1939, 1992, 2454, 3242, 3250, 3964, 4093, 5056, 5091, 5688, 5785, 6150, 7706, 8263, 9043]
24 [184, 294, 885, 1354, 2175, 2242, 2604, 3402, 3628, 4200, 5045, 5596, 6282, 6318, 6990, 7208, 7636, 8347, 8658, 8976, 9003, 9498, 9757, 9822]
18 [1338, 1381, 1432, 2364, 2790, 2921, 3525, 4792, 5568, 6105, 6201, 6743, 8073, 8977, 9305, 9513, 9968, 9995]
24 [383, 462, 1053, 1107, 1299, 1543, 2197, 2374, 2805, 3845, 3881, 4836, 5264, 5304, 5412, 5432, 5462, 6729, 8513, 8567, 8660, 9197, 9702, 9851]
30 [264, 840, 1029, 1752, 2607, 2940, 3160, 4171, 4224, 4375, 4410, 4465, 4737, 4894, 5035, 5233, 5408, 5604, 5619, 5776, 6099, 6123, 6361, 6746, 7922, 8575, 8986, 9071, 9830, 9897]
29 [103, 694, 1811, 2690, 2941, 2960, 3384, 3424, 3581, 3673, 3977, 4238, 4282, 4476, 5053, 5517, 5595, 6433, 6603, 7150, 7732, 7820, 8570, 8673, 8829, 8886, 9232, 9338, 9521]
22 [1256, 1785, 1894, 2892, 2907, 3409, 3590, 4002, 4012, 4289, 4433, 4447, 4580, 4646, 5094, 5306, 6614, 7198, 7823, 9028, 9056, 9699]
28 [64, 173, 251, 1126, 1387, 1438, 1859, 2009, 3204, 3587, 3942, 4400, 4434, 4671, 5237, 5840, 5904, 5933, 6080, 6125, 6365, 6749, 7297, 8251, 8926, 9117, 9314, 9569]
18 [331, 946, 1308, 1630, 1798, 1986, 2192, 4223, 4839, 4946, 7115, 7192, 7537, 7853, 7927, 8296, 8647, 9686]
21 [38, 901, 1603, 2967, 3436, 4024, 4257, 4768, 4878, 5379, 5542, 7022, 7757, 8294, 8863, 8962, 9347, 9417, 9496, 9772, 9949]
26 [1133, 1541, 1698, 1769, 2458, 2923, 3019, 3976, 4475, 4521, 5445, 5635, 5973, 6261, 6498, 6589, 6622, 6838, 7427, 7649, 8122, 8537, 8763, 9320, 9457, 9918]
26 [91, 515, 951, 1598, 1669, 1766, 1839, 2240, 2688, 2977, 3098, 3476, 3846, 4134, 4764, 5136, 5474, 6247, 7575, 8084, 8332, 8356, 8544, 8900, 9132, 9696]
28 [208, 349, 457, 629, 772, 1375, 1708, 2155, 2183, 4089, 4457, 4804, 5019, 5130, 5659, 6086, 6107, 6381, 6502, 6962, 7234, 7784, 7910, 7937, 8055, 8374, 8468, 8922]
17 [16, 19, 738, 1649, 2086, 2494, 3799, 4083, 4612, 4624, 4820, 5977, 6593, 6693, 8224, 9710, 9947]
27 [84, 1493, 1668, 2457, 2804, 3108, 3636, 3907, 3973, 5062, 5442, 5534, 5768, 6167, 6482, 6668, 7073, 7378, 7635, 7951, 8179, 8314, 9436, 9449, 9599, 9704, 9996]
30 [803, 2195, 2417, 2428, 3054, 3088, 3501, 3738, 4539, 4557, 4585, 4808, 5197, 5834, 5843, 6301, 6458, 6564, 6650, 6895, 6927, 6995, 7010, 7531, 8802, 8836, 8969, 9075, 9109, 9584]
25 [978, 1158, 1434, 1498, 1583, 1601, 1836, 2057, 2639, 3679, 4359, 4593, 4862, 4899, 5518, 6132, 6196, 6265, 7348, 7583, 7973, 8821, 9279, 9847, 9954]
22 [850, 1198, 1496, 2685, 2745, 2970, 3114, 3557, 4255, 4760, 5245, 5300, 5513, 5827, 6103, 6689, 7717, 7924, 8222, 8269, 8847, 8943]
20 [106, 117, 366, 580, 2353, 2771, 3672, 3992, 4712, 6636, 6833, 7133, 7483, 8133, 8161, 8577, 8735, 8892, 9033, 9674]
24 [1504, 1525, 1864, 2508, 3198, 3286, 3592, 3841, 3961, 4020, 4060, 4186, 4227, 4305, 5290, 6760, 7157, 7164, 7943, 8049, 8369, 8954, 9151, 9163]
17 [15, 164, 792, 2084, 2138, 2587, 3246, 3386, 3609, 4446, 4949, 5113, 5384, 6409, 7226, 7600, 9255]
29 [49, 779, 1018, 1880, 2347, 3270, 3684, 3861, 4334, 4477, 4819, 4991, 5337, 6451, 6581, 6811, 6854, 6960, 7078, 7618, 7750, 7771, 7847, 8048, 9469, 9559, 9607, 9617, 9717]
22 [679, 716, 1120, 1263, 1750, 1771, 1917, 2301, 2324, 2664, 2780, 3099, 3382, 5271, 6069, 6114, 6137, 6733, 7848, 8230, 8681, 8731]
26 [616, 811, 1038, 1145, 1219, 1529, 1734, 2711, 3898, 3958, 4027, 4104, 6006, 6154, 6272, 6604, 6628, 6805, 7646, 7914, 8034, 8143, 8485, 8585, 8600, 9900]
22 [1179, 1464, 1881, 2166, 2198, 2326, 3255, 3374, 3401, 5093, 5204, 5240, 5423, 5554, 7032, 7203, 7438, 7450, 7521, 7991, 8989, 9558]
26 [451, 1448, 1614, 1660, 2224, 2230, 2419, 2583, 2678, 3052, 3547, 3957, 4137, 4430, 4696, 5051, 5866, 6094, 6241, 7142, 7152, 7299, 7569, 7850, 8272, 9135]
25 [1100, 1274, 1362, 1613, 1985, 2836, 2937, 3118, 3298, 5294, 5537, 6082, 6392, 6621, 6722, 6817, 6820, 7204, 7293, 7691, 8104, 8318, 8479, 9269, 9952]
27 [306, 921, 1604, 3322, 3558, 4192, 4236, 4320, 4756, 5021, 5025, 5176, 5535, 6852, 6969, 7196, 7415, 7712, 7898, 8156, 8203, 8487, 9225, 9325, 9493, 9791, 9808]
23 [434, 1447, 1453, 1756, 1987, 2744, 2775, 2973, 3496, 3767, 4231, 4912, 5131, 5328, 5809, 6860, 6904, 7300, 7689, 7703, 7887, 8420, 8679]
22 [1677, 1737, 2025, 2375, 2394, 3533, 3539, 4023, 4373, 4642, 4690, 4934, 6383, 7261, 7279, 7568, 7861, 8126, 8459, 8526, 8568, 8942]
19 [141, 197, 375, 1196, 1454, 1578, 1997, 3259, 3565, 3616, 4366, 4666, 4858, 7149, 7520, 7626, 8326, 9291, 9991]
14 [129, 385, 2424, 3041, 3708, 3878, 4404, 6092, 7506, 8495, 9052, 9136, 9294, 9958]
35 [634, 836, 1230, 1287, 1426, 1688, 2090, 2164, 2215, 2700, 2834, 3101, 3120, 3334, 4552, 4853, 5042, 5115, 5769, 5921, 5950, 6302, 6420, 6509, 6664, 6916, 7001, 7282, 7377, 7998, 8071, 8475, 8573, 8612, 9253]
19 [63, 402, 1420, 1473, 2311, 2890, 3956, 4761, 4868, 5961, 6259, 6823, 7018, 7538, 8355, 8646, 8843, 9097, 9556]
22 [359, 398, 1397, 1467, 1637, 1681, 2065, 2260, 3419, 4344, 4742, 4930, 6405, 6755, 7209, 7559, 7698, 8968, 9302, 9666, 9798, 9834]
22 [271, 350, 397, 466, 488, 1294, 1356, 1403, 1502, 1606, 1969, 2435, 3102, 3947, 5546, 6177, 6190, 6626, 6648, 6843, 8932, 9088]
25 [12, 708, 879, 891, 1188, 2290, 2560, 2708, 2850, 2914, 2928, 3043, 3277, 3831, 4395, 4444, 5043, 5587, 5714, 6015, 6594, 6906, 8440, 9441, 9972]
29 [526, 1164, 1367, 1709, 1712, 1796, 1848, 2160, 2851, 2899, 3316, 3396, 3505, 3586, 4008, 4669, 5855, 5881, 5937, 6531, 6705, 6991, 7024, 7492, 7664, 8117, 8153, 8396, 9533]
18 [413, 612, 1057, 1169, 1792, 1837, 1957, 4290, 5157, 5217, 5302, 6285, 6341, 6632, 8486, 8561, 8671, 9349]
32 [888, 948, 1260, 1344, 1553, 1592, 1617, 1672, 2228, 2360, 2650, 2866, 3329, 4251, 4254, 4272, 4935, 5857, 5872, 6446, 6600, 6667, 6677, 6853, 7675, 7779, 7946, 8112, 8979, 9102, 9537, 9935]
33 [32, 317, 372, 378, 1039, 1150, 1348, 2348, 2463, 2697, 3542, 3950, 4049, 4343, 4701, 5146, 5190, 6756, 7496, 7532, 7534, 7983, 8257, 8930, 9104, 9115, 9191, 9426, 9683, 9724, 9758, 9829, 9944]
26 [105, 1014, 1418, 1757, 1942, 2024, 2076, 2602, 3319, 3461, 3544, 3793, 4353, 4414, 4502, 6108, 6518, 6635, 6908, 6992, 7513, 7729, 7942, 8545, 8650, 9854]
18 [41, 1818, 2083, 3398, 3465, 3597, 3967, 4258, 5583, 6913, 6987, 7015, 7436, 7527, 7758, 8121, 9175, 9744]
19 [1069, 1560, 1979, 2128, 2447, 3209, 3364, 3608, 3791, 4084, 4148, 4437, 6028, 6742, 8029, 9062, 9165, 9211, 9727]
23 [241, 316, 560, 1679, 3050, 3091, 3578, 3619, 4039, 4941, 5015, 5345, 5543, 5772, 5909, 6001, 6415, 8441, 8626, 8866, 8984, 9204, 9605]
27 [315, 770, 1118, 1122, 1244, 2392, 2887, 2888, 2985, 3662, 4000, 4281, 4938, 5821, 5836, 6691, 6869, 6909, 7008, 7605, 8039, 8265, 8413, 8708, 8899, 9227, 9632]
32 [358, 491, 736, 1182, 1773, 1850, 1970, 2403, 2764, 3876, 3928, 4088, 4230, 4411, 4524, 4753, 4867, 4873, 5386, 5413, 6070, 6307, 7224, 7308, 7507, 7612, 7679, 8070, 8539, 8755, 8855, 8936]
27 [236, 972, 1827, 2049, 2436, 3745, 4220, 4983, 5034, 5463, 5675, 5803, 5928, 6064, 6235, 6323, 6384, 7424, 7541, 7884, 8291, 8366, 8463, 8674, 8835, 9645, 9800]
32 [217, 267, 771, 851, 933, 1538, 1673, 1828, 2032, 2614, 2683, 2706, 2838, 2856, 3668, 3949, 4262, 5032, 5254, 5526, 5907, 6316, 7109, 7233, 7317, 7529, 8152, 8446, 8691, 8772, 8846, 9939]
22 [182, 198, 240, 818, 1156, 1170, 1442, 3049, 3426, 3804, 4324, 4337, 4360, 4672, 4816, 5238, 5358, 7066, 7127, 7367, 8175, 9873]
24 [945, 1329, 1634, 2162, 2365, 2511, 4062, 4107, 4872, 5023, 5246, 5270, 6893, 7140, 8132, 8185, 8192, 8425, 8607, 8998, 9009, 9282, 9461, 9838]
23 [322, 414, 548, 1290, 1933, 2060, 3094, 3187, 3205, 3394, 3580, 3681, 4746, 5183, 5981, 6408, 7280, 7453, 7694, 7870, 9046, 9141, 9368]
20 [31, 56, 307, 797, 1797, 1866, 2402, 2795, 2895, 3923, 4892, 5898, 5927, 6399, 6416, 7041, 7741, 8167, 8983, 9394]
22 [406, 508, 760, 1250, 1665, 1847, 2490, 2754, 2917, 4018, 4415, 4467, 5868, 7953, 7961, 8307, 8706, 8914, 9091, 9482, 9535, 9682]
21 [4, 176, 737, 1394, 1404, 1907, 2072, 2420, 4168, 4454, 4774, 4967, 5307, 5530, 7016, 7249, 7967, 8299, 8700, 8955, 9554]
31 [525, 559, 829, 2196, 2372, 2500, 2513, 3093, 3139, 3548, 4069, 4153, 4645, 4686, 4834, 5079, 5160, 5483, 5853, 6275, 6484, 6486, 7653, 7688, 8407, 8845, 9167, 9182, 9416, 9679, 9877]
29 [96, 222, 242, 700, 1104, 1696, 2308, 2369, 2847, 3552, 4842, 5449, 5665, 5755, 5931, 6057, 6379, 7462, 7578, 7669, 7707, 7812, 7869, 8129, 8636, 8907, 8996, 9484, 9807]
22 [278, 448, 1519, 1736, 2016, 2050, 2493, 2621, 3573, 3833, 4951, 4989, 5350, 5629, 5689, 5751, 6223, 6848, 7128, 7272, 7463, 8323]
24 [205, 473, 1043, 1738, 1965, 2249, 2582, 2686, 3230, 3368, 3919, 3921, 4907, 4921, 5538, 5878, 6270, 8917, 9272, 9359, 9643, 9680, 9872, 9936]
27 [312, 314, 418, 944, 1615, 1915, 2620, 2743, 2924, 3507, 3746, 4738, 5214, 5352, 6191, 6436, 6525, 6547, 6868, 7289, 7326, 8306, 8445, 8641, 9433, 9571, 9789]
23 [713, 752, 1012, 2154, 2282, 3044, 3512, 3674, 4618, 4649, 5707, 5852, 6390, 6473, 6751, 6754, 7734, 8003, 8637, 9285, 9345, 9374, 9850]
33 [20, 34, 1063, 1293, 1472, 2073, 2145, 2267, 2432, 2642, 2645, 2929, 2947, 3033, 3815, 3852, 4202, 4418, 4571, 5103, 5324, 6192, 6574, 7620, 7797, 8188, 8515, 8741, 9304, 9317, 9397, 9471, 9865]
35 [767, 1363, 1631, 1743, 1849, 1904, 2278, 2279, 2340, 2473, 2525, 2930, 3104, 3192, 3356, 3418, 3422, 4652, 5218, 5428, 5662, 5684, 5686, 5695, 6175, 6474, 6784, 6974, 7452, 7802, 8682, 8825, 9222, 9500, 9804]
17 [269, 923, 2629, 3604, 4123, 4758, 4811, 4924, 4932, 5236, 5393, 6638, 6707, 7126, 8729, 9171, 9884]
18 [301, 384, 986, 989, 1031, 1123, 1268, 1586, 3179, 4495, 5156, 6166, 7113, 7179, 7320, 9035, 9179, 9840]
30 [89, 98, 651, 1020, 1932, 2017, 2331, 2361, 3421, 3470, 3752, 3775, 4381, 4538, 4793, 4975, 5469, 5741, 6061, 6317, 7132, 8035, 8137, 8311, 8321, 8493, 8910, 9262, 9444, 9759]
30 [139, 340, 875, 1108, 1700, 2112, 2289, 2667, 3315, 3317, 3432, 3467, 3850, 4132, 4658, 5273, 5312, 6206, 6347, 6368, 6532, 6933, 7075, 7818, 7980, 8437, 8967, 9050, 9677, 9894]
35 [416, 433, 670, 764, 987, 2108, 2341, 3173, 3517, 4265, 4332, 5010, 5059, 5388, 5600, 5608, 5649, 5757, 5896, 6728, 6921, 7216, 7303, 7477, 8019, 8093, 8357, 8408, 8737, 8856, 8982, 9089, 9362, 9366, 9412]
23 [859, 1662, 2081, 2294, 2356, 3226, 3438, 3614, 4054, 4508, 4536, 5141, 5170, 5199, 5315, 5960, 6032, 6676, 7098, 7395, 8310, 8655, 9578]
23 [550, 1398, 1580, 2429, 2613, 3279, 4461, 4485, 4772, 5112, 5212, 5894, 6427, 6950, 7238, 7654, 7799, 8148, 8742, 9261, 9621, 9627, 9978]
29 [85, 714, 1845, 1938, 2379, 3031, 3068, 3249, 3832, 3893, 4011, 4037, 4110, 4325, 4426, 5027, 5642, 6135, 6333, 6799, 7106, 8155, 8238, 8277, 8683, 8902, 9422, 9657, 9880]
29 [45, 206, 365, 958, 1248, 1370, 2085, 2123, 2309, 2465, 2535, 3083, 3351, 3639, 3652, 4160, 4173, 4621, 5653, 6051, 6444, 6522, 6831, 7059, 7277, 8583, 8619, 9187, 9550]
30 [157, 463, 689, 702, 1051, 1077, 1340, 1526, 2255, 2438, 3022, 3963, 4455, 5636, 5717, 5885, 6883, 7019, 7165, 7522, 7608, 7641, 7656, 7881, 8289, 9005, 9019, 9256, 9733, 9962]
24 [812, 1055, 1408, 1656, 1955, 1959, 2217, 2386, 2713, 4822, 5978, 6197, 6422, 6504, 6783, 7419, 7638, 7811, 8242, 8313, 8379, 8693, 9613, 9797]
33 [123, 619, 788, 918, 922, 982, 1242, 1627, 1644, 2168, 2459, 2482, 2532, 3675, 4765, 4785, 5128, 5180, 5627, 5690, 5969, 6373, 6403, 6819, 7061, 7603, 7904, 8329, 8692, 8795, 9045, 9181, 9321]
36 [116, 218, 551, 655, 864, 1033, 1480, 1571, 2349, 2556, 2821, 3508, 3574, 4063, 4158, 4583, 4592, 4629, 4659, 4757, 5460, 5738, 7060, 7180, 7740, 7896, 8388, 8734, 8778, 8801, 8865, 9242, 9315, 9490, 9812, 9818]
26 [59, 328, 336, 549, 1746, 1884, 2909, 3753, 3960, 4033, 4468, 4520, 4923, 4980, 5351, 5985, 6208, 6222, 7100, 7273, 7487, 7597, 7663, 8226, 8382, 9846]
21 [1327, 1488, 1916, 2565, 3090, 3233, 3538, 4233, 4574, 4615, 5281, 5370, 5479, 6033, 6352, 7252, 7501, 7807, 8169, 8349, 8503]
19 [436, 507, 686, 800, 1548, 1620, 1935, 3664, 4122, 5011, 5387, 5705, 6215, 6590, 6830, 6915, 8699, 9462, 9694]
