True
False
18 [671, 1401, 1408, 2319, 2614, 3432, 5136, 5498, 5686, 5868, 6542, 7218, 8843, 8953, 9079, 9381, 9713, 9884]
25 [450, 484, 918, 1482, 1484, 1495, 2947, 3930, 4238, 4443, 4484, 4684, 4928, 5244, 6593, 7225, 7864, 7884, 7988, 8066, 8896, 8967, 9002, 9239, 9530]
21 [292, 741, 1197, 1556, 2034, 2354, 2891, 3065, 3613, 3640, 4096, 4387, 4862, 5356, 5396, 5545, 5963, 6812, 7602, 8397, 8472]
29 [64, 145, 638, 1075, 1184, 1629, 2134, 2259, 2291, 2596, 2723, 2731, 3350, 3628, 3693, 4169, 4918, 5082, 5665, 5964, 6537, 6629, 7739, 8009, 8706, 8892, 9344, 9783, 9815]
29 [164, 218, 353, 468, 946, 1002, 1347, 1402, 1623, 1672, 1938, 2250, 2490, 2726, 2728, 2836, 2922, 4588, 5727, 7005, 7234, 7989, 8091, 8110, 8182, 8455, 8583, 9257, 9414]
27 [510, 553, 1081, 1112, 1370, 1470, 1538, 2054, 3264, 3414, 3849, 3854, 4077, 4242, 4423, 4439, 4988, 5044, 5870, 6147, 6239, 7037, 7281, 8015, 8222, 8637, 9111]
21 [514, 604, 683, 1894, 2411, 2624, 3455, 3583, 4106, 4454, 5549, 5905, 6236, 6647, 6725, 6910, 7914, 8581, 9170, 9405, 9792]
28 [272, 945, 1052, 1334, 1367, 1369, 1399, 2006, 3362, 3924, 4836, 4887, 5517, 6204, 6496, 6586, 6885, 6933, 6981, 7114, 7289, 7401, 7626, 8332, 8760, 9126, 9294, 9450]
24 [900, 966, 1221, 2048, 2401, 2943, 2979, 3601, 3824, 3846, 4586, 4610, 4618, 4897, 5024, 5297, 5489, 5729, 5921, 6020, 7340, 7951, 8780, 9361]
18 [1016, 1086, 1267, 1463, 1933, 2522, 2580, 2786, 4888, 5005, 5922, 6164, 6216, 6427, 6869, 7627, 8030, 8356]
22 [253, 2228, 2347, 2531, 2601, 3368, 3731, 3800, 3833, 4120, 4236, 4735, 4864, 5691, 5755, 5951, 6617, 7491, 7840, 8610, 8730, 9183]
28 [144, 997, 2040, 2241, 2684, 2691, 3210, 3220, 3431, 3454, 4062, 4088, 4381, 4606, 5204, 5214, 5271, 5412, 6044, 6117, 7056, 7096, 7382, 8071, 8528, 8598, 8711, 8884]
25 [262, 1079, 2275, 2346, 2558, 2759, 3655, 4126, 5395, 5483, 5541, 5619, 6431, 6590, 6972, 7168, 8143, 8389, 8471, 8735, 9256, 9301, 9314, 9444, 9885]
20 [1036, 1164, 1573, 2810, 2960, 3579, 3714, 3957, 4351, 4421, 4992, 5705, 6799, 7147, 7467, 8018, 8024, 8840, 9151, 9550]
30 [92, 198, 1180, 1532, 1733, 1781, 2666, 2671, 2785, 3389, 3822, 4814, 4916, 4968, 5048, 5514, 6047, 6175, 6329, 6480, 6713, 7149, 7907, 7935, 8108, 8732, 9032, 9581, 9831, 9846]
21 [622, 673, 936, 1050, 1216, 2384, 2390, 2565, 3712, 5277, 6394, 6886, 7022, 7103, 7730, 7928, 8080, 8721, 8839, 9203, 9310]
17 [475, 1000, 1248, 1601, 2682, 4079, 5490, 6068, 6322, 6501, 6948, 7317, 7587, 7731, 8546, 9049, 9850]
20 [110, 843, 979, 1438, 2422, 3017, 4309, 5126, 5178, 5198, 5444, 5910, 6059, 6290, 6741, 6960, 7068, 9212, 9214, 9987]
30 [118, 418, 503, 1080, 1100, 1132, 1740, 1806, 2314, 2512, 2994, 3176, 3290, 3487, 3685, 4898, 5084, 5224, 5351, 6017, 6058, 6149, 6476, 7073, 7638, 8007, 8698, 8762, 9070, 9636]
18 [699, 1486, 2936, 3218, 4507, 4817, 4913, 5153, 5310, 6145, 7479, 8067, 8083, 8374, 8971, 9364, 9425, 9781]
27 [195, 631, 655, 793, 939, 1241, 1285, 1500, 1782, 2122, 2704, 2897, 3007, 3021, 3336, 4592, 4927, 5417, 5446, 5552, 6407, 6628, 7656, 8183, 8670, 8926, 9102]
32 [35, 395, 593, 1021, 1271, 2169, 2326, 2642, 3008, 3088, 3141, 3445, 3843, 3974, 4061, 4419, 4844, 5137, 5447, 5605, 6122, 6138, 6934, 7107, 7575, 8027, 8063, 8064, 8392, 9224, 9392, 9921]
28 [316, 495, 541, 728, 1927, 2004, 2026, 2383, 2407, 3164, 3590, 3671, 4074, 4402, 4412, 4433, 4498, 4519, 5125, 6098, 6946, 7062, 7325, 7836, 7940, 8500, 8894, 9484]
21 [156, 209, 873, 1584, 2027, 2333, 2436, 2501, 3901, 5256, 5331, 5339, 6275, 6813, 6944, 7661, 8148, 8163, 8179, 8263, 8844]
28 [120, 713, 798, 803, 1103, 1109, 1382, 1633, 1639, 1856, 3297, 4092, 4131, 4466, 4596, 4626, 4959, 5539, 5631, 6080, 6969, 7504, 8199, 8768, 8845, 9300, 9326, 9930]
20 [332, 473, 1244, 1882, 2361, 3301, 3588, 3681, 3868, 4455, 5164, 5507, 6663, 7871, 8342, 8415, 8596, 8697, 8800, 9199]
35 [452, 962, 2582, 3105, 3594, 3830, 3944, 4034, 4039, 4307, 4488, 4709, 4943, 4970, 5102, 5434, 5578, 5682, 6194, 6403, 6559, 6636, 7070, 7112, 7167, 7242, 7532, 7995, 8061, 8537, 8545, 8867, 8927, 9398, 9493]
25 [375, 2295, 2341, 2664, 2698, 3553, 3581, 3723, 3729, 3898, 4280, 4936, 5538, 5692, 6295, 6341, 7307, 7625, 7958, 7979, 8094, 8695, 9587, 9821, 9948]
35 [121, 467, 506, 612, 750, 906, 1540, 1730, 1788, 1985, 3010, 3129, 3353, 4057, 4083, 4854, 5368, 6389, 7689, 7744, 8004, 8293, 8322, 8715, 8837, 8847, 8862, 9001, 9159, 9164, 9419, 9437, 9525, 9554, 9914]
24 [158, 461, 480, 2219, 2408, 2594, 2852, 2930, 3231, 3519, 4163, 4356, 4883, 5875, 6333, 7139, 7271, 7806, 8456, 8541, 8556, 9095, 9217, 9434]
21 [303, 763, 1817, 1833, 1871, 1912, 2106, 2461, 2807, 3135, 3400, 3589, 4004, 4338, 4398, 5114, 6210, 8566, 9030, 9478, 9542]
22 [278, 910, 1736, 2097, 2451, 3237, 3666, 4490, 4878, 5074, 6197, 6464, 6550, 6999, 7091, 7299, 8451, 8838, 9185, 9751, 9798, 9918]
31 [300, 816, 1400, 1761, 2223, 2235, 2683, 2900, 3736, 4109, 4127, 4495, 4562, 4821, 4880, 5264, 5352, 5445, 5456, 5577, 5811, 6260, 6637, 6704, 6834, 7131, 7600, 8086, 8327, 8895, 9899]
24 [54, 155, 508, 838, 847, 1829, 2276, 2329, 2749, 3175, 3412, 3599, 3923, 3983, 4189, 4427, 5276, 5707, 6761, 7217, 8789, 8907, 9080, 9590]
16 [261, 1051, 3408, 3762, 3829, 4231, 4281, 5362, 5968, 6547, 6693, 7507, 7813, 8098, 9643, 9879]
24 [30, 184, 345, 563, 642, 711, 743, 822, 1147, 1741, 2448, 2537, 2685, 2697, 2950, 5128, 5163, 5218, 5468, 7963, 8409, 8437, 9176, 9938]
28 [308, 1038, 1110, 1276, 1413, 1661, 2073, 2742, 2824, 3027, 4557, 4795, 5043, 5491, 5780, 6264, 6780, 6907, 6993, 7080, 7267, 7409, 7724, 8085, 8399, 9290, 9611, 9665]
25 [407, 521, 762, 1499, 2152, 2799, 3042, 3044, 3820, 3951, 4559, 4621, 4967, 5898, 6668, 7134, 7559, 7892, 7915, 8206, 8221, 8540, 8886, 9186, 9683]
18 [27, 151, 813, 1816, 1827, 2939, 3005, 3968, 5086, 5467, 5828, 5836, 6213, 6705, 7308, 8426, 9295, 9810]
27 [700, 747, 1597, 1766, 2001, 2402, 3310, 3941, 4098, 4770, 5023, 5196, 5970, 6172, 6199, 6543, 7505, 7513, 7552, 7961, 8078, 8621, 9017, 9220, 9482, 9738, 9947]
15 [482, 1070, 1559, 1810, 2067, 2188, 2262, 2755, 3428, 4037, 4329, 4365, 5371, 5822, 7085]
23 [527, 2148, 2721, 2782, 2870, 3024, 3814, 4029, 4826, 6222, 6465, 6534, 6744, 7187, 7611, 7667, 7674, 8306, 8377, 8778, 9090, 9569, 9699]
19 [29, 886, 1802, 2086, 2227, 2297, 2488, 3486, 3494, 4740, 4984, 5533, 6570, 6808, 7097, 8034, 8146, 9250, 9273]
39 [948, 988, 1092, 1396, 1624, 2082, 2718, 3293, 3399, 3411, 3775, 4001, 4198, 4831, 5083, 5317, 5458, 5493, 5497, 5527, 5576, 5583, 5659, 5913, 6371, 6755, 7078, 7140, 7161, 7241, 7297, 7328, 7416, 7500, 7993, 8652, 9042, 9511, 9728]
26 [309, 352, 866, 1449, 1529, 2981, 3038, 3265, 3405, 3744, 3981, 4510, 5714, 5919, 7186, 7232, 7551, 7574, 7771, 7822, 7994, 8172, 8986, 9625, 9686, 9691]
23 [670, 2498, 2623, 2709, 3848, 4028, 4152, 4977, 5018, 5566, 6180, 6202, 6528, 7586, 7818, 7903, 8340, 9033, 9113, 9497, 9523, 9627, 9806]
29 [377, 610, 794, 1177, 1453, 2161, 2418, 2694, 3082, 3152, 3200, 4049, 4197, 4729, 5667, 6521, 6666, 6783, 7290, 7608, 7641, 7817, 8012, 8164, 8241, 8396, 8535, 8795, 9959]
27 [142, 167, 1372, 2047, 2158, 2205, 2481, 3089, 3136, 3646, 3661, 3841, 3869, 4698, 5369, 6487, 6678, 6854, 6897, 7184, 7514, 8522, 8643, 8748, 8930, 8984, 9694]
30 [183, 1119, 1374, 1571, 1656, 1769, 1830, 1924, 2009, 4135, 4945, 5133, 5220, 5740, 6054, 6384, 6603, 6643, 6732, 6989, 7195, 7683, 8450, 8588, 8731, 9122, 9211, 9227, 9299, 9521]
25 [100, 132, 161, 531, 600, 770, 983, 1073, 1436, 2338, 3383, 3443, 5231, 6597, 6627, 6908, 7178, 7462, 8087, 8168, 8365, 9082, 9547, 9680, 9828]
26 [182, 231, 809, 926, 955, 1142, 1234, 2705, 2795, 2935, 3016, 3073, 3134, 3961, 4922, 4954, 5208, 5520, 5689, 6041, 6123, 7464, 7825, 8278, 8629, 8832]
33 [78, 207, 1159, 1441, 2312, 2552, 2586, 2720, 3151, 3166, 3393, 3738, 3819, 4155, 4239, 4718, 4775, 4947, 5058, 5190, 5217, 6018, 6440, 6609, 6661, 6781, 7036, 7754, 7926, 8033, 8379, 9750, 9829]
27 [56, 154, 166, 953, 1289, 1306, 2042, 2052, 2195, 2197, 2211, 2851, 3595, 4337, 4424, 4461, 4813, 5357, 5573, 6139, 6995, 7400, 7902, 8769, 9041, 9237, 9877]
23 [679, 890, 1218, 1293, 1373, 1403, 1812, 1980, 2002, 2318, 2486, 3273, 3686, 4467, 5378, 5407, 5899, 6284, 6716, 6903, 7202, 7717, 8416]
24 [394, 575, 1116, 1498, 1662, 2507, 3382, 3659, 3695, 3984, 4672, 4734, 5037, 5249, 6571, 6606, 6804, 7379, 7456, 8618, 9031, 9249, 9834, 9964]
29 [85, 376, 599, 987, 1046, 2778, 2908, 3003, 3112, 3223, 3457, 4160, 4529, 4637, 4896, 5342, 5731, 5758, 6370, 6565, 6841, 7275, 7823, 8714, 9167, 9309, 9420, 9717, 9916]
30 [206, 443, 540, 582, 623, 932, 1220, 2137, 2229, 2302, 3242, 3917, 4046, 4415, 4767, 4983, 5332, 5612, 5777, 5937, 6022, 6178, 6252, 7323, 7345, 7478, 7841, 7970, 8775, 8802]
20 [481, 1630, 1658, 1734, 1851, 2110, 2283, 2364, 2813, 3004, 4343, 5323, 5867, 6533, 6612, 7975, 8542, 8810, 9219, 9939]
31 [329, 338, 534, 549, 858, 1006, 1027, 1266, 1964, 2292, 2710, 2774, 3020, 4363, 4476, 4822, 5399, 5548, 5743, 6208, 6730, 7176, 7179, 7613, 7714, 8481, 9322, 9502, 9594, 9618, 9777]
25 [265, 2180, 2224, 2240, 2911, 2954, 4191, 4278, 4678, 4710, 4783, 4923, 5021, 5162, 5595, 5650, 6001, 6359, 7119, 7335, 8678, 9085, 9424, 9487, 9737]
23 [63, 1139, 1516, 1969, 2191, 2379, 2883, 2949, 3222, 3249, 5635, 5783, 5810, 5889, 6057, 6087, 6406, 7773, 7968, 8453, 8624, 8781, 9596]
27 [34, 299, 1791, 1952, 2245, 2313, 2700, 3097, 4256, 4430, 4553, 4719, 5678, 5980, 6458, 6807, 6994, 7100, 7111, 7337, 7770, 8512, 8751, 8936, 9120, 9343, 9667]
21 [2277, 2396, 2509, 4391, 4465, 4835, 4904, 5076, 5532, 6181, 6378, 6460, 6473, 6532, 6794, 7420, 7428, 7716, 8599, 9746, 9864]
33 [409, 545, 969, 1280, 1311, 1502, 1508, 1566, 1797, 1945, 2575, 2855, 3430, 3551, 3630, 3651, 4212, 4314, 5146, 5319, 5747, 6386, 7344, 7370, 7974, 8124, 8515, 8910, 9452, 9469, 9674, 9785, 9952]
25 [339, 635, 665, 2366, 2878, 2929, 3115, 3212, 3750, 4022, 4322, 5906, 6299, 6742, 6792, 7083, 7157, 7377, 7427, 8831, 8871, 8955, 9442, 9791, 9917]
27 [140, 724, 947, 957, 1236, 1245, 1268, 2285, 2955, 2973, 3295, 4442, 4958, 5292, 5457, 5503, 6203, 6399, 7324, 7355, 7357, 7635, 7738, 8253, 9206, 9653, 9953]
18 [186, 304, 489, 652, 1342, 1965, 2160, 2434, 3936, 5143, 6262, 6664, 6957, 7334, 7590, 9006, 9034, 9544]
25 [925, 1041, 1435, 2120, 2266, 2676, 4089, 4123, 4136, 4220, 4464, 4548, 5259, 5670, 6006, 6140, 6548, 6615, 6740, 7969, 8298, 8868, 9040, 9118, 9182]
20 [1312, 1932, 2060, 3303, 4091, 4275, 4364, 4486, 5717, 5776, 6038, 6200, 6566, 6651, 7023, 7123, 7249, 7329, 7772, 9062]
29 [4, 370, 1094, 1106, 1770, 2029, 2315, 2715, 3910, 4068, 4219, 4956, 5326, 5794, 6288, 6354, 6531, 6801, 7580, 8031, 8223, 8257, 8628, 8848, 8921, 9221, 9660, 9768, 9793]
17 [9, 319, 1281, 2439, 2604, 3100, 3130, 3721, 3804, 4508, 5528, 6107, 6125, 6680, 6805, 6858, 8994]
18 [825, 1713, 2151, 2830, 3392, 3688, 4568, 5513, 5641, 6367, 6429, 7090, 7604, 8716, 8962, 9045, 9287, 9646]
31 [1097, 1332, 1640, 1657, 1705, 2417, 2732, 2826, 2966, 3030, 3043, 3407, 3727, 3783, 4226, 4306, 4953, 5746, 6131, 6235, 6700, 6976, 6987, 7542, 7886, 8511, 8819, 9451, 9782, 9794, 9876]
27 [1111, 1671, 1777, 2123, 2252, 2464, 2538, 3099, 3361, 3619, 3825, 4003, 4066, 4640, 4986, 5140, 5475, 6196, 6302, 6522, 6867, 7581, 7644, 8150, 8720, 8799, 9801]
20 [24, 680, 800, 1361, 2093, 2752, 2763, 2894, 3667, 4140, 4188, 5433, 5787, 6111, 6538, 7346, 8609, 8722, 9093, 9253]
22 [213, 1530, 1860, 1956, 2392, 2530, 3198, 3397, 4493, 5502, 6076, 6373, 7071, 7153, 7156, 7668, 8650, 8747, 9356, 9388, 9654, 9883]
24 [326, 1552, 2146, 2216, 2247, 2254, 2447, 3501, 3568, 3591, 4642, 4807, 4999, 5519, 5864, 6475, 6535, 6592, 7617, 7807, 7868, 8193, 8474, 9429]
21 [76, 174, 570, 965, 2184, 2305, 2432, 2469, 2504, 2737, 3184, 3225, 3626, 5155, 6256, 7791, 9475, 9518, 9616, 9849, 9994]
25 [391, 641, 651, 678, 1191, 1612, 1660, 1695, 1706, 1931, 2248, 3178, 3885, 4444, 4482, 4520, 4949, 5804, 5973, 6307, 6513, 6635, 7113, 8001, 9196]
25 [228, 501, 956, 1341, 1990, 2023, 2641, 2747, 3069, 3286, 4080, 4339, 4385, 4733, 4793, 5590, 6608, 7210, 7764, 8047, 8505, 8613, 8956, 8961, 8972]
23 [327, 533, 562, 857, 1685, 1819, 2655, 3145, 4102, 4200, 4390, 4792, 5989, 6847, 7665, 8366, 8464, 8488, 8523, 9023, 9179, 9201, 9265]
31 [48, 97, 212, 453, 718, 1526, 1764, 1775, 2154, 2395, 2415, 2551, 2553, 2727, 2895, 3165, 3529, 3886, 4870, 5465, 5652, 5798, 6866, 6879, 6925, 7436, 7571, 7876, 8115, 9357, 9763]
21 [336, 692, 898, 1261, 1358, 2376, 2768, 3063, 3584, 3662, 3809, 3832, 3980, 5409, 6524, 6985, 7127, 8687, 9171, 9520, 9941]
23 [93, 172, 698, 2332, 3472, 3505, 3639, 4578, 4727, 4869, 4991, 5664, 6318, 6951, 7206, 8079, 8209, 8295, 8941, 9146, 9226, 9644, 9729]
24 [251, 413, 959, 1258, 1622, 1824, 1946, 2081, 2084, 3563, 4159, 4555, 5250, 5633, 5948, 5991, 7518, 7614, 7924, 7996, 8226, 8319, 8688, 9009]
18 [366, 523, 726, 1485, 1767, 2770, 3051, 3143, 3386, 3598, 4712, 5630, 5643, 7125, 8796, 8830, 9631, 9906]
22 [104, 302, 2030, 2098, 3057, 3698, 3782, 3799, 4686, 5303, 5402, 5672, 5941, 7431, 7804, 7859, 8933, 9053, 9652, 9719, 9886, 9888]
27 [153, 199, 543, 1143, 1423, 1511, 1595, 1641, 2070, 2547, 2912, 3148, 3253, 3952, 4151, 4538, 5321, 5620, 6238, 6493, 6883, 7252, 7680, 7844, 8490, 9397, 9838]
26 [311, 845, 1223, 1494, 1881, 2150, 2279, 2352, 3331, 3396, 3409, 4262, 4422, 4687, 5203, 5579, 5955, 5982, 6401, 6419, 7173, 7954, 8003, 8380, 9100, 9141]
13 [14, 42, 513, 1693, 1772, 2443, 4251, 4378, 5629, 7204, 7734, 8983, 9216]
21 [119, 152, 716, 850, 1084, 1163, 1642, 2519, 2570, 3074, 3091, 3202, 3569, 3713, 4388, 5979, 6226, 7312, 8384, 8763, 9635]
22 [122, 258, 535, 1061, 1710, 2750, 3345, 3558, 3909, 4044, 5616, 5627, 6789, 6947, 7099, 7246, 7399, 8680, 8713, 9296, 9692, 9756]
19 [49, 331, 881, 1720, 2012, 3140, 3577, 4915, 5703, 6031, 6968, 7398, 7746, 7828, 8208, 8521, 8625, 8756, 9336]
29 [3, 221, 323, 705, 715, 994, 1891, 2792, 3054, 3949, 4773, 4873, 4946, 4961, 5248, 5557, 5834, 6192, 6233, 7348, 7658, 7737, 8277, 8494, 8496, 8816, 9306, 9371, 9538]
24 [524, 767, 933, 1060, 1259, 2783, 3229, 3442, 3530, 4026, 4211, 4232, 4470, 5045, 5123, 5594, 5827, 5908, 6266, 7327, 7365, 7390, 7426, 7851]
25 [15, 223, 433, 528, 556, 664, 970, 996, 1149, 1182, 1460, 2075, 3189, 3528, 3856, 4650, 6308, 6497, 6703, 7248, 8036, 8487, 8632, 8916, 9473]
27 [47, 371, 730, 1018, 1158, 1365, 1784, 3274, 3513, 4167, 4411, 5610, 5706, 5799, 6332, 6687, 6913, 7481, 7706, 7917, 7976, 8051, 8112, 8572, 8586, 9352, 9992]
21 [1663, 2089, 2257, 2485, 2865, 3256, 3323, 3381, 4563, 4632, 6148, 6525, 7172, 8130, 8354, 8427, 8677, 8858, 9134, 9659, 9772]
30 [73, 483, 778, 917, 1172, 1282, 1471, 1507, 1748, 2041, 3083, 3415, 4341, 4517, 4743, 5349, 5361, 5553, 5570, 5840, 6368, 6486, 6572, 6890, 7285, 8417, 9081, 9433, 9858, 9972]
27 [41, 358, 577, 647, 954, 1253, 1737, 2761, 2806, 2861, 3622, 3897, 4996, 5694, 6309, 6345, 6495, 6509, 6816, 7033, 7636, 7798, 7801, 8284, 9105, 9670, 9776]
29 [387, 414, 748, 757, 758, 1049, 1565, 1863, 1962, 2631, 2825, 2916, 3096, 3372, 3479, 3904, 4397, 4401, 4556, 4723, 5712, 5821, 6551, 7383, 8219, 8457, 9359, 9528, 9543]
18 [321, 2304, 2370, 2848, 4002, 4344, 4660, 4697, 5053, 5648, 5887, 5952, 6029, 6218, 6549, 7240, 9104, 9541]
22 [554, 672, 854, 1560, 1901, 2053, 2153, 2757, 2885, 3193, 3489, 3679, 3700, 3726, 4141, 7333, 8534, 8958, 8980, 9052, 9235, 9872]
20 [923, 961, 1098, 1178, 2088, 3171, 3413, 3550, 4346, 4611, 5152, 5454, 6618, 6788, 6958, 8198, 8623, 8766, 9632, 9933]
30 [83, 137, 1176, 2645, 3018, 3093, 3169, 4524, 4732, 4872, 4911, 5300, 5338, 5354, 6398, 6422, 6425, 7177, 7490, 7593, 7657, 7905, 8096, 8134, 8905, 9289, 9421, 9553, 9761, 9983]
25 [11, 224, 270, 297, 464, 714, 1514, 1519, 1743, 1844, 2889, 3041, 3232, 3715, 3764, 3787, 3972, 5012, 5036, 6016, 6826, 7158, 7563, 8046, 8662]
28 [595, 972, 1344, 1412, 1610, 2967, 3244, 3356, 3612, 3931, 4257, 4285, 4350, 4665, 4812, 5388, 5432, 6095, 6413, 6554, 6817, 7215, 7696, 7895, 8153, 8326, 8491, 9266]
15 [687, 1195, 1609, 2399, 2734, 3781, 3797, 4199, 4265, 4965, 5289, 5487, 5772, 6296, 7673]
25 [1363, 1446, 1582, 1613, 1873, 2265, 3077, 3241, 3420, 3464, 3498, 3697, 3973, 4585, 4784, 5653, 5924, 7541, 7561, 8180, 8187, 8614, 8969, 9132, 9138]
23 [71, 277, 607, 912, 1995, 2863, 3022, 3299, 4695, 4886, 5001, 5168, 5298, 5688, 6165, 7565, 7783, 7789, 7941, 8302, 8861, 9734, 9739]
30 [143, 381, 1171, 1200, 1330, 1719, 1723, 2066, 2199, 2487, 3126, 3267, 3719, 4171, 4408, 4657, 5011, 5558, 5609, 5642, 5895, 5944, 8228, 8645, 8656, 8855, 8934, 9130, 9788, 9811]
29 [286, 1512, 1563, 1798, 1997, 2264, 2844, 2907, 3037, 3514, 4204, 4750, 5156, 5892, 6283, 6323, 6922, 6931, 7122, 7154, 7488, 7839, 7960, 7972, 8264, 9399, 9540, 9780, 9802]
28 [61, 288, 378, 685, 1044, 1744, 2555, 3453, 3746, 3887, 3893, 4331, 5199, 5663, 6130, 6695, 6782, 7386, 7637, 7741, 8231, 8351, 8370, 8485, 8503, 9054, 9370, 9707]
19 [57, 1101, 1144, 2815, 3441, 3480, 4803, 4905, 5069, 5280, 5334, 5568, 6009, 6070, 6253, 6649, 6940, 7082, 9178]
26 [1134, 1318, 1904, 2019, 2554, 3204, 3252, 4067, 4178, 4627, 5666, 5876, 7008, 7032, 7047, 7138, 7437, 8207, 8269, 8296, 8664, 8827, 9409, 9804, 9833, 9922]
21 [22, 55, 301, 539, 1229, 1442, 1837, 2822, 3678, 4205, 4483, 4571, 4865, 5728, 5808, 6769, 6790, 7366, 7925, 8759, 8787]
31 [340, 727, 1194, 1758, 1864, 2024, 3034, 3036, 3221, 3365, 3690, 3940, 4194, 5055, 5283, 5359, 5886, 5960, 6109, 6390, 7089, 7092, 7313, 8428, 8617, 8808, 9380, 9472, 9568, 9752, 9851]
17 [124, 241, 367, 405, 1795, 2127, 2358, 2975, 3585, 3668, 5757, 7165, 8075, 8081, 9143, 9488, 9592]
27 [544, 2087, 2249, 2496, 2630, 2996, 3196, 4287, 4375, 4546, 4689, 4788, 5288, 5724, 6081, 6507, 7238, 7639, 7695, 7768, 7777, 7910, 8170, 8543, 9403, 9724, 9837]
20 [53, 383, 839, 1877, 1929, 1967, 2204, 2261, 3279, 3771, 4284, 4327, 4477, 4671, 5524, 6053, 6581, 6786, 9628, 9800]
27 [768, 1071, 1118, 1287, 2572, 2843, 3254, 3730, 4515, 4731, 4912, 5003, 5337, 5442, 5765, 6276, 6564, 6639, 7101, 7368, 7537, 7628, 8676, 9139, 9193, 9696, 9871]
25 [238, 719, 1030, 1186, 1439, 1703, 2344, 2563, 3029, 3394, 4377, 4879, 4997, 5893, 5967, 6494, 6756, 6865, 6914, 6997, 7721, 8792, 9071, 9453, 9903]
20 [374, 668, 1217, 1496, 2192, 2311, 2386, 2398, 2441, 2805, 3248, 3702, 4675, 5416, 6326, 6502, 6990, 7295, 8744, 9809]
25 [267, 617, 1994, 2646, 2679, 2765, 3333, 4056, 4105, 5785, 5938, 6062, 6177, 6274, 6304, 6711, 6820, 7319, 7523, 7952, 8527, 8821, 9088, 9689, 9912]
30 [211, 291, 307, 779, 908, 1065, 1763, 1960, 2121, 2375, 2442, 2545, 2740, 2874, 3423, 3682, 4583, 4725, 4846, 4985, 5099, 6028, 6361, 6657, 6824, 6930, 7802, 8178, 8344, 9010]
34 [234, 696, 828, 1026, 1620, 1632, 1646, 1752, 1768, 1886, 2130, 2255, 2620, 3026, 3216, 3233, 3596, 3657, 4214, 5308, 5966, 5990, 6100, 6469, 6831, 7376, 7525, 7736, 7794, 8357, 8671, 9323, 9387, 9602]
21 [283, 547, 1604, 3456, 3733, 3969, 4021, 4438, 4806, 5286, 5933, 6748, 7320, 7942, 8055, 8372, 8507, 8734, 8922, 9430, 9996]
24 [491, 618, 1174, 1562, 2906, 3367, 3544, 3649, 3922, 4162, 4708, 5202, 5607, 5894, 6159, 6594, 7510, 7891, 8120, 8387, 8407, 8752, 8803, 9400]
25 [310, 786, 1126, 2253, 2528, 2613, 2840, 3138, 3275, 3483, 3816, 4013, 4133, 4270, 4749, 5860, 6073, 6166, 6623, 7247, 7284, 7444, 9360, 9612, 9889]
23 [403, 1168, 1317, 1410, 1841, 2201, 2289, 2535, 3062, 3452, 3586, 3620, 4168, 4268, 4747, 4871, 5227, 6573, 7603, 8230, 8854, 9316, 9555]
21 [114, 284, 382, 598, 1284, 1722, 1926, 2183, 2703, 3864, 4399, 4447, 6950, 7169, 7816, 7889, 8126, 8469, 8549, 9626, 9726]
18 [141, 929, 1169, 1269, 1870, 2260, 2867, 2904, 3111, 3322, 4541, 4902, 5360, 5846, 6415, 6828, 8524, 8944]
27 [176, 835, 1031, 1249, 1290, 1386, 2136, 2290, 2331, 2345, 2523, 2533, 2860, 2957, 2961, 3076, 3491, 3789, 4030, 4802, 4980, 5972, 6682, 7733, 8265, 8355, 8773]
15 [874, 1088, 1422, 1989, 2274, 2802, 4291, 5013, 5471, 5569, 6833, 7493, 8131, 8824, 8919]
25 [454, 516, 1210, 1292, 1302, 1596, 1675, 3416, 4334, 4609, 4745, 5154, 5655, 6064, 6388, 6441, 6589, 6605, 6818, 6887, 7219, 7258, 7879, 8497, 9990]
26 [1497, 1518, 1883, 2072, 2502, 2758, 2858, 3418, 3541, 4253, 4260, 4354, 4648, 4832, 5191, 5236, 5845, 5877, 7435, 8114, 8495, 9385, 9705, 9832, 9957, 9961]
21 [895, 1652, 3040, 3291, 3465, 3504, 3706, 4435, 5221, 5423, 5448, 5508, 6735, 6837, 7046, 7785, 8605, 8937, 9271, 9662, 9819]
21 [1117, 1419, 1747, 2541, 2736, 2773, 3467, 4853, 5032, 6277, 6929, 7060, 7530, 7597, 8348, 8577, 8622, 9012, 9244, 9285, 9651]
28 [107, 619, 859, 1034, 1389, 1520, 2767, 3154, 3219, 3240, 3307, 3692, 3828, 3953, 4299, 5180, 5393, 5410, 5509, 7282, 7853, 8575, 8784, 8880, 9189, 9778, 9789, 9902]
22 [18, 79, 1376, 1845, 1879, 2132, 3281, 3289, 4209, 5090, 5646, 5651, 6350, 6375, 6452, 6631, 6901, 7012, 7943, 8273, 8765, 9345]
18 [437, 1580, 2591, 2997, 3106, 3425, 3587, 3749, 3992, 4185, 5052, 5284, 6659, 8200, 8204, 8291, 9406, 9593]
25 [89, 848, 1987, 2025, 2065, 2470, 3118, 3315, 3757, 3977, 4624, 4941, 5006, 5499, 7276, 7353, 7466, 7834, 7898, 8363, 9112, 9140, 9460, 9843, 9969]
31 [396, 661, 903, 1260, 1314, 1380, 1820, 1957, 1988, 2271, 2385, 2578, 3823, 4298, 4429, 4445, 5213, 5604, 5713, 5923, 6155, 6327, 6884, 7391, 7572, 7642, 7776, 7986, 8113, 8412, 8712]
27 [415, 472, 867, 981, 1056, 2239, 3538, 4823, 4848, 4937, 5421, 5500, 5726, 5995, 7024, 7497, 7595, 7788, 7796, 7870, 7932, 8065, 8132, 8480, 9479, 9649, 9845]
19 [603, 827, 1397, 1515, 1618, 2126, 2479, 2978, 3360, 5184, 5376, 6167, 6852, 6916, 7067, 7606, 8025, 9351, 9769]
30 [72, 505, 811, 1577, 1617, 2560, 2608, 2823, 2845, 2959, 3677, 4031, 4033, 4330, 4355, 5145, 5544, 5614, 6349, 6599, 6779, 7130, 7293, 7763, 7858, 8375, 8729, 8913, 9262, 9897]
22 [263, 493, 1586, 1811, 2343, 2410, 2474, 3557, 3871, 6242, 6459, 6483, 6511, 6977, 7506, 7697, 7710, 8764, 9205, 9258, 9895, 9955]
18 [187, 243, 519, 710, 1279, 1728, 1848, 1854, 2172, 6039, 6499, 6611, 7621, 7732, 8280, 8963, 9742, 9963]
24 [1359, 1528, 1636, 1858, 2010, 2210, 2404, 2463, 2610, 4335, 4521, 4910, 5080, 5684, 5818, 5915, 6085, 6246, 6297, 7417, 8866, 9710, 9813, 9823]
30 [90, 276, 289, 630, 732, 817, 865, 963, 1338, 1583, 2320, 3817, 4371, 4595, 5216, 5495, 5674, 5677, 6007, 6355, 7059, 7164, 7239, 7780, 8330, 9083, 9103, 9366, 9929, 9976]
18 [441, 628, 1301, 1968, 2233, 2544, 3183, 3332, 3607, 3691, 4180, 5485, 6442, 7279, 8286, 8951, 9389, 9591]
30 [214, 1603, 1627, 1751, 2378, 3053, 3080, 3967, 4153, 4186, 4283, 4347, 4717, 4808, 4925, 4926, 5463, 5760, 5803, 6176, 6927, 7264, 7965, 7977, 8514, 8964, 9119, 9165, 9608, 9762]
23 [422, 759, 904, 1007, 1165, 2103, 2468, 2559, 3593, 5041, 5215, 5343, 5733, 6189, 6724, 6734, 7265, 7654, 7959, 9094, 9137, 9510, 9597]
21 [17, 451, 796, 978, 1252, 1328, 1694, 2520, 2766, 2801, 3477, 4048, 4161, 5406, 5978, 6267, 6369, 6477, 8700, 9121, 9318]
26 [19, 445, 1278, 1466, 1599, 1875, 2394, 3860, 4255, 4619, 5004, 5291, 5854, 5871, 5939, 6063, 6160, 6784, 6952, 7985, 8184, 8536, 9092, 9390, 9459, 9787]
28 [117, 296, 306, 431, 1310, 2327, 2454, 3188, 3826, 4271, 4416, 5422, 6012, 6132, 6221, 6893, 7038, 7120, 7304, 7582, 7812, 7949, 8477, 8805, 9096, 9303, 9311, 9786]
18 [273, 1205, 1727, 3774, 4008, 4317, 4460, 5812, 6078, 6162, 6247, 6481, 7487, 8851, 8906, 8939, 9021, 9463]
28 [98, 116, 466, 807, 964, 1208, 1294, 1440, 1692, 1697, 2665, 2722, 3226, 4193, 4380, 4514, 5268, 5481, 5863, 6588, 6667, 7901, 8333, 8703, 8788, 8991, 9630, 9718]
25 [2, 75, 337, 879, 986, 1434, 2371, 2409, 2419, 2842, 2898, 3377, 4417, 4448, 4661, 4789, 5139, 5358, 6019, 6517, 6540, 7251, 9431, 9476, 9891]
21 [28, 355, 871, 1045, 1437, 1923, 2162, 3070, 3468, 3485, 4572, 5874, 6042, 6188, 6474, 6673, 7151, 7583, 8419, 9169, 9720]
42 [364, 385, 434, 439, 589, 868, 940, 1753, 1916, 2050, 2644, 2653, 3120, 3282, 3318, 3482, 3960, 4425, 4451, 4497, 4526, 4820, 4940, 5230, 5550, 5711, 6187, 6382, 6654, 6684, 6911, 7404, 7535, 7815, 8444, 8899, 8924, 8945, 9362, 9466, 9474, 9556]
34 [246, 249, 606, 674, 691, 875, 2269, 2775, 3071, 3228, 3370, 3892, 3985, 4112, 4413, 4777, 5241, 5716, 6655, 6692, 6726, 6774, 6967, 7566, 7693, 7782, 7927, 8149, 8371, 8903, 8914, 9048, 9342, 9658]
22 [1353, 1462, 1491, 1735, 1943, 3270, 3401, 3417, 4471, 4604, 5460, 5492, 5954, 6126, 6457, 7341, 7503, 8708, 8750, 9320, 9580, 9619]
23 [697, 739, 860, 989, 1644, 2140, 2288, 3313, 3419, 3574, 4653, 4828, 4852, 5852, 6141, 6314, 7194, 7624, 7860, 8190, 8432, 8902, 8957]
37 [590, 709, 1479, 1600, 1925, 2427, 2459, 2477, 2557, 2633, 2673, 3064, 3277, 3305, 3861, 3999, 4530, 4623, 4889, 5075, 5255, 5994, 6365, 6578, 6902, 7160, 7358, 7759, 8070, 8107, 8140, 8430, 8548, 8814, 9517, 9760, 9773]
21 [515, 930, 1028, 1167, 3025, 3206, 3518, 3958, 4403, 4778, 5320, 5623, 5750, 5869, 5984, 6974, 6996, 7106, 8771, 8976, 9749]
23 [911, 1351, 2508, 3211, 3276, 3777, 3963, 4101, 4264, 4877, 5581, 5770, 5813, 6036, 6754, 7718, 7757, 8519, 8646, 8931, 9480, 9489, 9856]
26 [268, 285, 447, 790, 805, 1153, 1155, 1350, 1362, 1651, 1998, 2593, 4654, 4834, 4960, 5097, 5258, 5953, 6505, 6506, 7430, 7567, 7592, 7872, 9278, 9598]
25 [191, 666, 856, 1135, 1450, 1543, 1645, 1682, 1836, 1855, 2735, 2902, 2919, 3925, 5592, 5965, 6050, 7029, 7148, 7260, 7869, 7887, 9135, 9149, 9188]
28 [525, 564, 745, 864, 1678, 2128, 2186, 2834, 3078, 4138, 4318, 4598, 4608, 4704, 4766, 4786, 5197, 5238, 6430, 6936, 7050, 7065, 8323, 8600, 8801, 9268, 9566, 9857]
24 [94, 269, 410, 2368, 2971, 3798, 3900, 3956, 4221, 4558, 4638, 4782, 5606, 6129, 7875, 8035, 8084, 8125, 8479, 8530, 9175, 9222, 9333, 9557]
29 [239, 322, 677, 769, 922, 1160, 2021, 2209, 2692, 3306, 3888, 4801, 5615, 6621, 6670, 6915, 7434, 7846, 8297, 8531, 8576, 9272, 9297, 9324, 9354, 9427, 9464, 9548, 9730]
24 [765, 913, 1047, 1364, 1394, 2094, 2944, 3185, 3376, 3840, 5226, 5571, 6115, 6766, 6980, 7356, 7569, 7669, 7745, 7774, 8594, 8876, 8887, 9097]
20 [111, 1683, 1846, 1892, 1930, 2829, 3087, 3261, 3373, 3618, 3874, 4065, 4069, 4666, 5851, 6353, 7055, 8136, 8320, 9805]
27 [217, 334, 372, 849, 1091, 1099, 1146, 1296, 1729, 1805, 2095, 2189, 2933, 3158, 4279, 4290, 4736, 5525, 5685, 6383, 6514, 6880, 6962, 7672, 8276, 9862, 9944]
25 [1095, 1981, 2051, 2125, 2476, 2819, 3378, 3522, 3642, 3812, 3884, 4561, 5110, 5285, 5621, 5647, 5796, 6011, 7236, 7288, 7385, 7937, 8526, 8584, 8611]
21 [312, 585, 938, 1411, 2270, 2643, 2888, 3098, 4308, 5179, 5431, 6077, 6633, 6970, 7369, 7708, 8026, 8186, 8367, 9491, 9927]
16 [361, 650, 725, 2129, 3674, 3827, 4369, 4752, 5599, 5879, 6358, 7133, 8202, 8856, 9457, 9865]
31 [188, 250, 348, 406, 783, 842, 2085, 2174, 2226, 2849, 2982, 3128, 3174, 3207, 4405, 4469, 5073, 5117, 5925, 6120, 6846, 6917, 7458, 7916, 8502, 8669, 8849, 8879, 9008, 9136, 9575]
28 [509, 1698, 1716, 1890, 2217, 2625, 2821, 2963, 3009, 3792, 4340, 4518, 4523, 4549, 5459, 5761, 6002, 6190, 6273, 6357, 6435, 6556, 7499, 7670, 8864, 9163, 9600, 9926]
31 [581, 735, 1102, 1214, 1346, 1544, 1699, 1922, 2242, 2406, 2794, 2938, 3525, 3527, 3645, 4020, 4195, 4841, 5118, 5718, 5790, 6118, 6289, 6498, 6504, 7040, 7508, 7831, 8165, 8667, 9496]
20 [587, 797, 1702, 2724, 2788, 3066, 3813, 4116, 4696, 5453, 6849, 7233, 7310, 8350, 8431, 8740, 9018, 9519, 9688, 9875]
22 [25, 169, 290, 552, 580, 815, 1474, 1592, 2176, 2353, 3019, 3132, 3245, 3516, 4358, 4607, 5469, 5781, 8042, 8232, 8829, 9423]
32 [560, 1590, 1593, 1679, 1984, 2039, 2145, 2208, 2263, 2576, 2598, 3633, 3998, 4234, 4542, 4751, 6169, 6240, 6255, 6366, 6393, 6527, 6965, 7381, 7402, 8104, 8684, 8705, 9078, 9440, 9784, 9880]
32 [982, 1053, 1240, 1345, 1427, 1506, 1999, 2159, 2772, 3162, 3520, 3629, 3759, 3761, 3946, 4023, 5372, 5385, 5418, 6282, 6485, 6681, 6892, 7105, 7375, 7465, 7786, 8448, 8529, 8539, 9267, 9571]
25 [136, 511, 1140, 1152, 1237, 1667, 1804, 1919, 2310, 3191, 3342, 3784, 4839, 5046, 5975, 6261, 7075, 7792, 8158, 8408, 8554, 8973, 9614, 9826, 9913]
28 [1257, 2388, 2744, 3116, 3348, 3818, 4230, 4573, 4764, 5093, 5341, 6040, 6362, 6385, 6508, 6595, 7483, 7682, 8049, 8057, 8092, 8289, 8454, 8538, 9125, 9190, 9264, 9816]
30 [219, 459, 597, 1585, 1614, 1818, 1941, 2337, 2342, 2600, 2847, 3246, 3699, 4932, 5327, 5348, 5515, 5791, 6086, 6553, 6691, 6739, 6912, 8054, 8288, 8401, 8555, 8704, 8952, 8992]
28 [12, 173, 751, 1120, 1456, 1557, 2221, 2517, 2932, 3067, 3492, 3648, 3845, 4050, 4762, 4866, 5479, 5735, 6030, 6207, 6347, 6795, 8073, 8331, 8414, 8435, 8649, 9854]
27 [663, 1329, 1704, 1961, 2526, 2779, 2984, 3258, 3754, 4181, 4994, 5988, 6206, 6265, 6426, 6455, 6683, 6840, 6991, 7618, 7662, 7842, 8360, 8679, 8694, 8737, 9985]
21 [171, 780, 1417, 1664, 1842, 3344, 3652, 3959, 3988, 4972, 5462, 6602, 7137, 8028, 8309, 8785, 9015, 9246, 9391, 9522, 9824]
22 [416, 429, 774, 1605, 2621, 3224, 3451, 3810, 4005, 4206, 4644, 5051, 5173, 5239, 5505, 6228, 7017, 7713, 8128, 8619, 9046, 9127]
21 [281, 636, 1270, 2590, 3102, 3458, 4616, 4714, 5329, 6000, 6313, 6515, 6894, 7077, 7679, 8038, 8602, 8707, 9284, 9552, 9982]
24 [496, 1207, 2475, 3471, 3875, 3889, 3954, 4320, 5160, 5866, 6280, 6418, 6707, 6810, 6959, 7095, 7775, 8248, 8338, 8790, 9036, 9077, 9089, 9195]
25 [165, 837, 1127, 2138, 2307, 2323, 4111, 4128, 4184, 4688, 4855, 4998, 5363, 5464, 5742, 5903, 6082, 6219, 6718, 7524, 7545, 7711, 9254, 9447, 9797]
35 [103, 317, 1059, 1487, 1570, 1745, 1898, 1974, 2068, 2713, 2864, 2970, 3575, 3768, 4187, 4392, 4492, 4982, 5404, 5589, 5753, 6157, 6311, 6652, 6750, 6895, 7031, 7322, 7521, 7522, 7645, 7849, 8215, 8250, 9712]
22 [31, 196, 2032, 2505, 2958, 3163, 3195, 3802, 3962, 4222, 4395, 5696, 6785, 7441, 7899, 7919, 8682, 8826, 9209, 9365, 9386, 9981]
24 [686, 1421, 1428, 1581, 2797, 2915, 3006, 3466, 3631, 4787, 5149, 5186, 5318, 5669, 5817, 6143, 6749, 6864, 7043, 7072, 7991, 8074, 8441, 9822]
15 [170, 346, 676, 1012, 1378, 1429, 2309, 3197, 4891, 6150, 6561, 6855, 7061, 8177, 9259]
20 [230, 236, 1315, 1778, 2659, 2660, 2833, 2925, 4051, 4104, 5028, 5119, 5394, 6316, 6364, 6809, 7418, 8069, 8468, 9417]
36 [5, 349, 976, 1154, 1384, 1712, 1865, 2046, 2215, 2294, 3624, 4272, 4614, 4651, 5014, 5094, 5122, 5159, 5165, 5693, 5719, 5926, 5985, 7132, 7171, 7269, 7984, 8023, 8925, 9026, 9107, 9197, 9198, 9293, 9563, 9859]
23 [128, 248, 318, 532, 667, 1242, 1286, 2055, 2495, 3592, 4532, 4761, 4768, 5546, 6317, 7013, 7110, 7549, 8557, 8626, 8774, 9025, 9129]
22 [59, 60, 1521, 2118, 2142, 2444, 2923, 4310, 4859, 5167, 5704, 5709, 6090, 6584, 7843, 8048, 8088, 8093, 8281, 9109, 9260, 9928]
35 [646, 657, 1093, 1451, 1650, 1789, 2131, 2587, 2745, 3144, 3707, 4063, 4224, 4506, 4781, 5106, 5330, 5522, 5537, 6437, 6743, 6778, 7207, 7433, 7470, 8266, 8328, 8525, 8533, 9004, 9029, 9263, 9275, 9582, 9656]
29 [479, 1113, 1509, 1996, 2225, 2424, 2951, 3263, 3410, 3675, 3766, 3899, 3932, 4929, 5054, 5182, 5656, 6071, 6424, 6625, 6632, 6753, 6791, 7326, 7330, 7498, 7655, 8434, 9145]
14 [344, 1859, 2518, 2549, 5419, 5700, 5843, 6727, 7098, 7443, 8410, 9549, 9629, 9661]
29 [112, 853, 1078, 1211, 1726, 1776, 2078, 2096, 3131, 3312, 4175, 5600, 5710, 5826, 5974, 6152, 6312, 6410, 7145, 7174, 7270, 7294, 8008, 8040, 8224, 8508, 8513, 8746, 8950]
29 [614, 660, 787, 1145, 1808, 2595, 2663, 2667, 2974, 3012, 3139, 3294, 3653, 3853, 3890, 3943, 4121, 4830, 4962, 5390, 5949, 6013, 7422, 7607, 7953, 8852, 9191, 9353, 9708]
31 [738, 1275, 1371, 1452, 1637, 1813, 2038, 2133, 2350, 2446, 2478, 3928, 4060, 4137, 4513, 4577, 4756, 4811, 4842, 5956, 6185, 6555, 7076, 7301, 7647, 8235, 8337, 8660, 9210, 9240, 9940]
28 [1, 44, 555, 931, 980, 1138, 1643, 1850, 1955, 2108, 2719, 3052, 3113, 4301, 4935, 5265, 5720, 6461, 6712, 6728, 6760, 6814, 7102, 7790, 8212, 8901, 9162, 9639]
18 [1055, 2654, 2862, 2980, 3537, 4336, 4659, 4728, 4737, 6269, 6478, 6519, 6567, 8236, 8482, 8872, 9812, 9984]
20 [829, 924, 1273, 1391, 1393, 1673, 1971, 2746, 2965, 3300, 3637, 4174, 4216, 5355, 6745, 7054, 8217, 8321, 8635, 8812]
23 [640, 1523, 1690, 1906, 2115, 3157, 3298, 3402, 3634, 3728, 3991, 4246, 4505, 6325, 6516, 6797, 7781, 8043, 8056, 8754, 8761, 9454, 9774]
28 [192, 707, 834, 1503, 1666, 1976, 2234, 2317, 2619, 2873, 3500, 4229, 4259, 4386, 4432, 4705, 5017, 5116, 5554, 6052, 6232, 6409, 7460, 7678, 8381, 8661, 8999, 9339]
27 [602, 1162, 1477, 1746, 1838, 1953, 2179, 3142, 3347, 3463, 3547, 3617, 5398, 6069, 6644, 7010, 7028, 7124, 7923, 8329, 8364, 8813, 8818, 9513, 9589, 9753, 9807]
30 [295, 578, 1022, 1686, 1708, 1760, 2187, 2669, 2853, 2989, 3490, 3548, 3722, 3939, 3964, 4055, 5246, 5814, 5945, 6168, 6198, 6648, 6793, 7180, 7482, 7857, 8929, 9283, 9446, 9545]
29 [68, 189, 1196, 1198, 1274, 1313, 1944, 2057, 2196, 2460, 2634, 2760, 2884, 3611, 4353, 4875, 5775, 5842, 7018, 7087, 7272, 7461, 8006, 8853, 8996, 9166, 9500, 9583, 9621]
31 [127, 695, 1247, 1786, 1942, 2114, 2213, 2573, 2881, 3000, 3341, 3354, 3515, 3555, 3785, 4591, 4934, 5257, 5769, 5891, 6738, 7052, 7880, 8413, 8578, 8836, 9325, 9328, 9512, 9515, 9892]
23 [427, 629, 1907, 2033, 2431, 2856, 3090, 3309, 5831, 6580, 6591, 6671, 6875, 7298, 7562, 7591, 7633, 7726, 8127, 8254, 8411, 8567, 9066]
23 [23, 471, 949, 1297, 1447, 2416, 2808, 3048, 4103, 4252, 4633, 4818, 4825, 4845, 5015, 5322, 5336, 6720, 7208, 7338, 7735, 8806, 9887]
22 [190, 226, 2273, 2616, 2725, 2940, 3902, 4963, 5254, 5374, 5829, 6412, 6777, 7646, 7653, 8509, 9037, 9055, 9252, 9633, 9727, 9904]
29 [520, 841, 887, 1331, 1659, 1688, 1896, 1982, 2348, 2532, 3271, 4196, 4463, 4487, 4906, 5999, 6094, 6135, 6331, 6776, 7011, 7093, 7262, 8017, 8305, 8358, 8418, 8655, 9150]
30 [0, 159, 203, 586, 626, 1087, 1475, 2185, 3255, 3578, 3614, 3850, 4759, 5187, 5309, 5346, 5455, 5598, 5859, 6025, 6306, 6690, 7155, 7819, 8452, 9426, 9471, 9578, 9893, 9995]
20 [362, 824, 990, 1343, 2986, 4154, 4636, 4753, 5602, 5971, 6088, 6414, 6771, 6796, 7457, 8100, 8162, 8185, 9315, 9448]
28 [10, 772, 801, 1670, 2413, 2953, 3127, 3379, 3422, 3534, 4400, 4603, 5050, 5333, 5736, 5917, 5918, 6708, 7117, 7221, 7256, 7933, 8301, 8691, 8699, 9277, 9863, 9968]
28 [368, 1187, 1254, 1476, 1545, 1569, 2163, 2536, 2617, 3167, 3506, 3511, 5450, 5838, 5900, 6003, 6271, 6387, 6408, 6601, 6844, 7025, 7406, 7650, 7929, 8045, 9673, 9898]
27 [274, 782, 1204, 1458, 1903, 2028, 2286, 3272, 3387, 3605, 3663, 3664, 3862, 4263, 4436, 4622, 4837, 5562, 6582, 6669, 6676, 7577, 7601, 8191, 9057, 9650, 9702]
14 [328, 706, 1107, 1357, 1522, 1547, 2812, 3539, 3805, 4547, 4867, 5281, 6285, 9757]
18 [168, 744, 1183, 2147, 3448, 3772, 3795, 4453, 4579, 4646, 4796, 5377, 7332, 8139, 8988, 9703, 9866, 9998]
32 [225, 363, 476, 1011, 1063, 1251, 1392, 1465, 1546, 1874, 2405, 2696, 2857, 3493, 3556, 3623, 3876, 3912, 4389, 4458, 4480, 5072, 5793, 6432, 6882, 6992, 7222, 7528, 8406, 8822, 9192, 9640]
23 [357, 662, 722, 776, 810, 826, 935, 1324, 1835, 1867, 2013, 2585, 2615, 3873, 4372, 4597, 7396, 7663, 8156, 8648, 9377, 9825, 9991]
20 [50, 649, 658, 775, 1714, 1914, 2116, 2236, 2652, 2964, 3055, 4348, 4647, 5386, 5403, 6234, 7045, 7472, 8160, 8341]
23 [46, 830, 1319, 1448, 2335, 2500, 2543, 2650, 3031, 4011, 4345, 5111, 5147, 5723, 6083, 6579, 6688, 7211, 7634, 8044, 8791, 9439, 9704]
16 [1432, 1531, 1800, 2173, 3478, 4038, 4978, 5676, 6577, 7729, 8090, 8300, 8393, 8828, 9084, 9852]
25 [517, 2015, 2440, 2838, 2990, 3117, 3424, 3680, 3724, 3779, 3872, 3920, 4384, 5035, 6035, 6179, 6653, 6878, 7266, 7411, 7527, 7820, 8242, 8946, 9946]
18 [402, 428, 1130, 1951, 2751, 3330, 3374, 3542, 3573, 4473, 5801, 7143, 7259, 7351, 7688, 9396, 9936, 9974]
26 [264, 819, 967, 1096, 1608, 2556, 2581, 3896, 3918, 4076, 4145, 4201, 4300, 4431, 4475, 4527, 4617, 4907, 5920, 6731, 6924, 7496, 7832, 7890, 8702, 8728]
16 [232, 897, 2892, 3239, 3326, 3705, 3906, 4045, 5228, 6249, 6773, 7495, 8197, 8260, 8270, 9716]
20 [40, 1035, 1826, 2282, 3938, 4316, 4500, 5096, 6112, 6829, 7229, 7957, 8394, 8620, 8825, 9038, 9152, 9223, 9615, 9754]
23 [861, 944, 1807, 2000, 2988, 3597, 3632, 3870, 3966, 4323, 4989, 5411, 5440, 6014, 6484, 6806, 7573, 7640, 7850, 8544, 8696, 9110, 9142]
20 [148, 1201, 2007, 2716, 2962, 3159, 4274, 4550, 5151, 5194, 5586, 6173, 6330, 6568, 6767, 7027, 7793, 7797, 7911, 9056]
35 [325, 894, 921, 977, 1025, 1190, 1243, 2165, 2787, 2869, 3304, 3317, 3359, 3970, 4816, 4863, 4893, 5105, 5367, 5379, 5540, 5862, 6049, 7019, 8214, 8352, 8551, 8612, 8841, 8965, 9058, 9416, 9759, 9817, 9970]
26 [386, 1375, 1534, 2181, 2387, 2467, 3095, 3473, 3521, 4303, 4570, 4593, 4804, 4884, 4944, 5261, 6391, 7694, 8347, 8615, 8709, 8777, 9005, 9043, 9074, 9215]
29 [1339, 1340, 1648, 1783, 1803, 1986, 2119, 2403, 3701, 3894, 3933, 3965, 4139, 4414, 4540, 5181, 5373, 5521, 5725, 6699, 7188, 7544, 8285, 8725, 8923, 9128, 9238, 9401, 9617]
22 [1915, 1973, 2513, 2605, 2909, 3179, 3488, 4379, 4702, 5129, 5325, 5389, 5660, 6055, 6258, 6292, 6404, 6428, 6963, 7546, 8307, 8440]
26 [259, 315, 2198, 2336, 2661, 3296, 3559, 4115, 4203, 4428, 5063, 5565, 5884, 5946, 6482, 6569, 7014, 7438, 7609, 7981, 8016, 8072, 8176, 8382, 8966, 8982]
19 [392, 548, 734, 1525, 1839, 2168, 2425, 2452, 3635, 3740, 4771, 4955, 5252, 5997, 6850, 7360, 7715, 8420, 9410]
27 [2301, 2636, 2776, 3720, 3793, 3975, 4248, 4857, 5207, 5304, 5805, 5848, 5930, 6717, 7347, 7447, 7468, 7704, 8020, 8458, 8552, 8719, 8724, 8874, 9461, 9537, 9775]
26 [1010, 1504, 1868, 1913, 3564, 3603, 3636, 3866, 4156, 4677, 4894, 5426, 5439, 5547, 7081, 7492, 7612, 8256, 8403, 8568, 8665, 8993, 9124, 9603, 9607, 9923]
24 [462, 537, 1005, 1128, 1230, 1717, 2037, 2058, 2754, 2811, 3085, 3124, 4410, 4494, 4895, 5853, 6113, 6144, 6500, 6906, 7162, 7302, 7906, 8058]
22 [421, 878, 2074, 2711, 2876, 3266, 3915, 4117, 4456, 4581, 5759, 5993, 6251, 6616, 7006, 7069, 7769, 8672, 9168, 9173, 9347, 9905]
17 [1238, 1677, 1934, 2899, 4368, 5042, 5773, 5987, 5992, 6193, 6874, 7228, 7720, 8147, 8443, 8579, 9153]
19 [84, 488, 1295, 1431, 2678, 2931, 3337, 4233, 4501, 4531, 4564, 5474, 5998, 6136, 7847, 7983, 9274, 9331, 9481]
21 [125, 240, 808, 844, 927, 1654, 2362, 2564, 3526, 4015, 4269, 5120, 5909, 5942, 6004, 6838, 7185, 7690, 7750, 8990, 9572]
17 [202, 1209, 1224, 1790, 2220, 3094, 4383, 4655, 6305, 6624, 6827, 7189, 7605, 8658, 8681, 8998, 9507]
29 [536, 812, 902, 2083, 2141, 2712, 3125, 3180, 3390, 3406, 3790, 4035, 4144, 4293, 4359, 4691, 4715, 5896, 6034, 6438, 6510, 7254, 7361, 7728, 8247, 8433, 8642, 9050, 9735]
21 [567, 703, 968, 1019, 1939, 2886, 3235, 3269, 3358, 3669, 3821, 3879, 4565, 4819, 5000, 6191, 6614, 7473, 8436, 8463, 8587]
22 [69, 1572, 1754, 1888, 2149, 2524, 2985, 4014, 4143, 4939, 5496, 5624, 6051, 6490, 6949, 7632, 8060, 8580, 8987, 9492, 9700, 9731]
29 [616, 1173, 1291, 1501, 1524, 1536, 1809, 2491, 2640, 2777, 3621, 4016, 4693, 4843, 4892, 5400, 5428, 5687, 5830, 6048, 6520, 6701, 6845, 7643, 8111, 8318, 8376, 9230, 9585]
29 [237, 440, 1920, 1950, 2293, 2647, 2717, 2790, 3161, 3339, 3366, 3676, 3903, 4070, 4868, 4952, 5391, 5603, 5778, 6021, 6108, 6860, 7756, 7866, 8890, 8989, 9174, 9605, 9890]
26 [179, 941, 1054, 1215, 1235, 1535, 2109, 2206, 2382, 2458, 3079, 3561, 4165, 4227, 4516, 5315, 6598, 6762, 6954, 7489, 7835, 7982, 8811, 9000, 9247, 9988]
23 [546, 973, 1457, 2589, 4147, 4683, 4769, 5033, 5067, 5344, 5628, 5690, 6066, 6630, 7676, 7900, 8106, 8603, 8767, 8870, 9234, 9486, 9501]
34 [6, 177, 294, 681, 1039, 1057, 1326, 1551, 2071, 3072, 3081, 3509, 3763, 4218, 5201, 5212, 5744, 5873, 6096, 6310, 6530, 7300, 7560, 7579, 7799, 7810, 8039, 9047, 9204, 9679, 9755, 9873, 9882, 9901]
20 [20, 494, 621, 645, 1366, 2968, 3437, 3459, 3916, 3935, 4722, 5170, 5365, 5560, 5872, 6161, 7651, 7867, 8631, 9133]
24 [108, 293, 1228, 2429, 2948, 3355, 3447, 4240, 4241, 5121, 6015, 6237, 6557, 7066, 7374, 7543, 7685, 7753, 7805, 8268, 8659, 8889, 9503, 9561]
26 [13, 343, 526, 742, 1213, 2112, 2164, 2207, 2832, 3357, 4100, 4876, 5559, 5940, 5996, 6356, 6861, 6938, 8940, 9213, 9312, 9348, 9358, 9483, 9855, 9956]
26 [150, 229, 1008, 1017, 1058, 2762, 3199, 3283, 4215, 4658, 4674, 4899, 5002, 5556, 5904, 6315, 7136, 7405, 7921, 8693, 8935, 8970, 9514, 9576, 9609, 9745]
24 [275, 298, 974, 1066, 1750, 1993, 2706, 3059, 3710, 3767, 3997, 4158, 5113, 5316, 5542, 5833, 6889, 7837, 7897, 8005, 8559, 8794, 9231, 9648]
27 [33, 175, 572, 627, 852, 942, 2793, 3919, 3994, 4228, 4254, 4305, 4673, 4707, 4933, 4948, 5381, 5756, 6698, 7767, 7936, 8022, 8571, 8606, 8786, 9156, 9415]
28 [185, 435, 1299, 1564, 1801, 1966, 2492, 2626, 2887, 3251, 3654, 3921, 4296, 4434, 5088, 5335, 5366, 5415, 5634, 5637, 5695, 5792, 6376, 7192, 7529, 7659, 8343, 9853]
33 [160, 424, 492, 502, 588, 1388, 1574, 1591, 1757, 1785, 2391, 3045, 3369, 3665, 4018, 4119, 4600, 4800, 5070, 5763, 6660, 7502, 7709, 7883, 8259, 8960, 9016, 9098, 9172, 9184, 9236, 9741, 9986]
27 [133, 731, 1356, 1406, 1517, 1594, 1635, 2100, 2991, 3434, 4207, 4332, 4664, 5470, 5767, 6679, 6768, 7216, 7429, 7516, 7630, 7719, 7758, 7909, 8770, 8875, 8928]
27 [21, 568, 804, 1721, 1849, 2324, 3104, 3384, 4108, 4237, 4635, 4639, 4744, 5038, 5482, 6856, 7020, 7191, 7201, 7620, 8562, 8873, 9567, 9657, 9706, 9764, 9962]
21 [1298, 2016, 2567, 2945, 3363, 3842, 3858, 4250, 5425, 6105, 6106, 6241, 6400, 7048, 7425, 7539, 7616, 7809, 8506, 8949, 9920]
18 [1069, 1085, 1787, 1911, 2882, 3391, 3765, 4394, 4920, 5068, 5608, 5752, 6518, 6560, 7675, 8109, 9308, 9321]
37 [74, 210, 470, 538, 613, 689, 1857, 1893, 2143, 2412, 2540, 2662, 3002, 3549, 3552, 3760, 4025, 4064, 4511, 4924, 4930, 4951, 5031, 5189, 5295, 5302, 5312, 5435, 5839, 5897, 6023, 6843, 7199, 8361, 8630, 9407, 9675]
24 [65, 200, 1480, 2287, 2456, 3262, 4374, 4847, 5529, 5701, 6433, 6610, 6736, 7277, 7749, 9177, 9187, 9255, 9335, 9379, 9613, 9698, 9818, 9835]
17 [197, 388, 559, 792, 3028, 4602, 5135, 5437, 5779, 6945, 7135, 7538, 8101, 8244, 8303, 8582, 8918]
31 [430, 916, 998, 1739, 2090, 2733, 3533, 3801, 3803, 3859, 4243, 4295, 4326, 4437, 4613, 5127, 5205, 5501, 5819, 5950, 6027, 6287, 6337, 6472, 6729, 7042, 7079, 8076, 8283, 8383, 9647]
37 [518, 558, 701, 795, 832, 884, 1188, 1676, 2092, 2363, 2609, 2618, 3773, 4019, 4084, 4522, 4979, 4987, 5531, 5626, 6121, 6450, 6677, 6873, 6988, 7200, 7343, 7691, 7701, 8138, 8386, 8467, 8692, 8878, 8938, 9604, 9943]
43 [702, 876, 1033, 1064, 1325, 1949, 1972, 2377, 2527, 2597, 2674, 2687, 2837, 2913, 3109, 3285, 3375, 3398, 3523, 3704, 3996, 4130, 4297, 4680, 5235, 5397, 5639, 5837, 6293, 7001, 7227, 7303, 7469, 7509, 7987, 8233, 8311, 8644, 8804, 9202, 9579, 9671, 9766]
30 [608, 675, 1179, 2648, 2714, 3146, 3535, 3610, 3776, 3806, 4449, 4720, 5314, 5850, 6127, 6281, 6491, 6787, 6986, 7007, 7471, 7784, 7967, 8151, 8174, 8607, 9155, 9374, 9663, 9709]
19 [356, 573, 952, 1089, 2462, 2627, 2753, 3137, 3718, 3748, 3808, 4087, 5611, 6170, 7088, 7596, 9313, 9428, 9669]
22 [109, 1148, 1621, 2258, 2672, 3334, 3449, 3882, 3995, 5266, 5307, 6417, 6512, 7163, 7534, 7727, 7766, 7874, 8653, 8739, 9131, 9979]
25 [934, 1558, 1567, 1668, 2420, 2831, 3945, 3979, 4190, 5253, 5267, 5488, 5645, 6104, 6195, 6231, 6479, 6706, 7273, 7681, 8255, 8798, 9280, 9332, 9894]
21 [393, 1548, 2003, 2256, 3302, 3349, 3616, 3755, 4129, 4975, 5020, 6114, 6585, 6973, 7371, 7451, 7833, 8159, 8462, 9099, 9436]
28 [266, 365, 566, 656, 806, 1048, 2214, 2473, 2568, 2629, 2921, 3260, 4791, 4851, 5324, 5789, 6043, 6871, 7064, 7286, 7787, 7808, 8188, 8195, 8478, 8520, 9061, 9498]
23 [178, 220, 449, 499, 771, 882, 1575, 2494, 2928, 3325, 4124, 4662, 5865, 7049, 7415, 7740, 7878, 7913, 8118, 8447, 9375, 9465, 9736]
30 [975, 991, 999, 1161, 1759, 2561, 3625, 3835, 3948, 4699, 5263, 5347, 5536, 5596, 6209, 6443, 6689, 6919, 6942, 7723, 8211, 8258, 8476, 8689, 8717, 8948, 9304, 9367, 9413, 9973]
30 [712, 733, 760, 851, 1467, 1527, 1847, 2325, 2542, 2934, 3838, 3971, 4150, 4393, 4858, 5161, 5815, 5824, 5841, 5907, 6294, 6348, 6544, 7152, 7321, 7384, 8145, 9020, 9073, 9422]
18 [1469, 3440, 3510, 3756, 4054, 5010, 6374, 7197, 7372, 7378, 7403, 7484, 7830, 8405, 8634, 9286, 9477, 9758]
36 [26, 596, 831, 833, 1042, 1067, 1505, 1794, 2008, 2156, 2306, 2423, 2437, 2729, 2796, 2803, 2839, 3615, 3647, 4824, 4900, 4990, 5138, 5225, 5484, 5679, 6060, 6747, 7540, 7547, 8002, 8442, 8736, 9393, 9441, 9524]
23 [87, 632, 1483, 1815, 1958, 3570, 4010, 4132, 4277, 4974, 5210, 6072, 6223, 6453, 6526, 6825, 6956, 8059, 8102, 8173, 8175, 9245, 9641]
28 [106, 181, 1430, 1490, 1628, 1680, 1742, 1970, 2111, 2182, 2321, 2791, 3046, 3426, 3770, 4420, 5206, 5364, 6467, 6619, 7419, 7531, 7619, 8398, 8674, 9028, 9411, 9869]
20 [81, 1212, 1379, 1542, 2105, 2175, 3114, 3182, 3444, 4537, 4682, 5229, 5313, 6227, 6857, 7212, 7261, 7414, 7827, 9276]
18 [1472, 1718, 1963, 2393, 2699, 3011, 3364, 3608, 4179, 4509, 5414, 6363, 6456, 6966, 6978, 8021, 8601, 8978]
29 [134, 412, 958, 1303, 1335, 1420, 1724, 2351, 2525, 2577, 3150, 3292, 3609, 3641, 3703, 4235, 4457, 4474, 4667, 5270, 7349, 8161, 8638, 8820, 9349, 9404, 9682, 9733, 9744]
32 [401, 928, 1206, 1454, 1959, 2330, 2339, 2400, 2903, 2914, 3735, 3927, 4134, 4459, 5071, 5486, 5563, 5575, 5649, 6360, 6463, 6964, 7129, 7311, 7829, 7998, 8122, 8157, 8325, 8877, 9064, 9803]
18 [162, 1899, 2369, 2489, 2603, 2632, 3495, 3834, 4294, 5062, 5384, 5518, 6075, 7393, 8400, 9108, 9839, 9900]
27 [477, 891, 1020, 1615, 3177, 3429, 4058, 4302, 4376, 5104, 5174, 5662, 5981, 6079, 6084, 6334, 6346, 6763, 7394, 7666, 7703, 7855, 8119, 8287, 8668, 8686, 9319]
20 [102, 398, 723, 1023, 1077, 1115, 2049, 2222, 2497, 3319, 4829, 5622, 6229, 6270, 6488, 6697, 7190, 7474, 9292, 9925]
21 [254, 313, 399, 644, 1108, 2380, 2638, 2924, 3811, 3815, 4551, 4668, 4694, 5443, 5478, 5564, 5697, 6891, 7198, 7448, 9384]
22 [126, 390, 789, 1083, 1407, 1649, 1902, 2428, 3014, 3086, 3346, 3462, 3600, 3684, 4860, 5085, 5306, 6709, 7350, 8563, 8911, 9715]
26 [877, 1308, 1316, 1320, 2296, 2510, 2606, 2784, 3033, 3658, 3807, 4047, 5066, 5195, 5278, 5754, 6061, 6662, 6746, 7016, 7118, 7213, 7564, 7803, 8593, 8690]
25 [95, 101, 389, 773, 869, 2445, 2890, 3186, 3990, 4472, 4758, 5588, 5795, 5832, 6110, 6340, 6733, 6926, 7044, 7181, 7893, 7930, 7948, 8019, 9796]
28 [32, 147, 205, 426, 457, 634, 1122, 2062, 2738, 3257, 3316, 3395, 3732, 4567, 5375, 5392, 5764, 5847, 5912, 5936, 6638, 7452, 8000, 8299, 9327, 9394, 9559, 9932]
28 [96, 350, 504, 1040, 1433, 2430, 3247, 3687, 3926, 4724, 5107, 5290, 5657, 5983, 6005, 6099, 6303, 7309, 7947, 8218, 8362, 8885, 8900, 8943, 9013, 9044, 9148, 9228]
31 [16, 131, 146, 193, 584, 1493, 2014, 2649, 3217, 3545, 4620, 4981, 5157, 5888, 5911, 6336, 6686, 7175, 7395, 7700, 7873, 7938, 8052, 8116, 8261, 8272, 8663, 8857, 8979, 9154, 9194]
28 [1222, 1665, 1773, 1832, 1937, 2514, 3121, 3328, 3404, 3572, 3913, 4078, 4485, 4587, 4797, 5788, 6338, 6445, 6563, 7845, 8050, 8152, 8501, 9069, 9218, 9620, 9672, 9830]
32 [138, 400, 659, 1696, 2011, 2360, 2569, 3566, 4094, 4273, 4503, 4774, 4901, 5340, 5585, 5698, 6462, 6492, 6622, 6819, 6822, 6877, 6898, 7315, 8292, 8334, 8574, 9086, 9101, 9350, 9408, 9860]
20 [1156, 1834, 2322, 2651, 4053, 4267, 4366, 4478, 4534, 4815, 5016, 5078, 5345, 6244, 6821, 6830, 8095, 8461, 8651, 8779]
31 [62, 605, 669, 704, 937, 1415, 1840, 1954, 2045, 2218, 2299, 2482, 3883, 4142, 4210, 4799, 5089, 5091, 5511, 5572, 6154, 6214, 6257, 6395, 7235, 7920, 8181, 8237, 8666, 9449, 9634]
29 [333, 498, 574, 752, 1076, 1189, 1418, 1478, 1843, 1880, 2730, 2993, 3683, 3708, 4706, 4742, 5144, 5294, 5890, 6101, 6171, 6224, 6254, 6835, 6848, 7971, 9072, 9282, 9978]
32 [36, 456, 530, 550, 684, 992, 1121, 1233, 1468, 2999, 3084, 3288, 3852, 4594, 4649, 5809, 6320, 6335, 6604, 7243, 7477, 7615, 7811, 7992, 8484, 8627, 8742, 8888, 8968, 9063, 9462, 9526]
24 [777, 1004, 1774, 2031, 2298, 2658, 2946, 3446, 3978, 4173, 4404, 4496, 5591, 5638, 5738, 6344, 6870, 7359, 7881, 7939, 8460, 9067, 9574, 9950]
24 [909, 1459, 1669, 2511, 2804, 2814, 3503, 4407, 4409, 4885, 5007, 5269, 5530, 6420, 6523, 6752, 6923, 7424, 8155, 8194, 8391, 8516, 8641, 9861]
26 [216, 360, 486, 1072, 1473, 1655, 2079, 2340, 2628, 3049, 3170, 3865, 4027, 4148, 4850, 5601, 5640, 6300, 7599, 7896, 7966, 8470, 8561, 8912, 9087, 9570]
19 [252, 444, 1653, 1793, 1908, 1909, 2035, 2457, 3060, 3427, 3837, 4286, 5192, 5211, 6343, 7392, 8246, 8743, 9251]
17 [425, 693, 1263, 1756, 2063, 2190, 2267, 3035, 3752, 4042, 5251, 5353, 5438, 5574, 5722, 7015, 9693]
22 [43, 995, 1246, 1823, 2064, 2656, 3567, 3604, 3660, 3745, 3934, 5177, 5807, 7442, 7512, 7664, 7751, 7955, 8196, 8445, 8793, 8835]
31 [123, 411, 420, 551, 1185, 1304, 1426, 2113, 2588, 3993, 4499, 4504, 4827, 4861, 5567, 5730, 5849, 6263, 7214, 7224, 7578, 7760, 8171, 8249, 8378, 8486, 9291, 9664, 9732, 9840, 9935]
18 [1687, 1910, 1983, 2316, 2854, 4700, 4805, 4903, 5087, 5699, 5774, 6033, 6056, 6124, 7116, 7283, 7306, 9329]
37 [740, 755, 896, 905, 1014, 1090, 1125, 1283, 1771, 2231, 2702, 2764, 3050, 3168, 3201, 3343, 3696, 4244, 4266, 4304, 4931, 5040, 5387, 5855, 5962, 6156, 6674, 7410, 7421, 7485, 7684, 8492, 8977, 9039, 9681, 9779, 9945]
24 [255, 280, 408, 490, 565, 1561, 1579, 1905, 1935, 2622, 2739, 4730, 5081, 5506, 5771, 5800, 6268, 7698, 8573, 9241, 9368, 9606, 9677, 9896]
28 [1170, 2059, 2506, 3155, 3321, 3751, 3796, 3955, 4024, 4040, 4328, 4966, 5057, 5245, 5715, 5734, 6397, 6536, 6803, 8189, 8229, 8640, 8869, 9494, 9588, 9637, 9684, 9743]
24 [1192, 1300, 1991, 2171, 2381, 2611, 3878, 3976, 3986, 5064, 5262, 6026, 6032, 6411, 7002, 8117, 8908, 9225, 9229, 9270, 9532, 9622, 9740, 9989]
32 [52, 460, 465, 615, 784, 1024, 1131, 1336, 1352, 1533, 1598, 2927, 3320, 3436, 3778, 3844, 4321, 4615, 4757, 5429, 5902, 6396, 6702, 6899, 6920, 7454, 7557, 7795, 8121, 8243, 9443, 9490]
24 [58, 305, 419, 620, 788, 872, 1861, 1884, 2905, 2992, 3075, 3851, 4192, 4914, 5200, 5510, 5857, 6352, 6984, 7687, 7725, 7931, 9248, 9722]
22 [766, 1792, 2438, 2483, 2539, 2690, 2769, 3236, 3475, 3546, 3753, 4118, 4681, 5382, 6541, 6851, 6881, 7363, 7501, 7800, 8633, 9847]
24 [215, 1150, 1239, 1464, 2637, 2877, 2918, 4245, 4569, 4713, 4971, 5555, 5835, 6243, 6328, 6900, 7305, 7494, 7519, 7712, 7722, 7743, 8041, 9200]
21 [157, 557, 717, 1262, 1309, 1587, 2827, 3438, 3484, 3769, 4073, 5929, 6640, 6642, 6710, 6904, 6921, 7051, 7707, 9799, 9960]
25 [77, 1043, 1607, 2194, 2203, 3308, 3709, 4110, 4810, 5056, 5260, 5741, 5786, 6351, 6620, 7094, 7362, 7598, 8167, 8312, 8518, 9243, 9562, 9624, 9711]
27 [91, 233, 279, 529, 690, 1305, 2471, 2708, 2841, 2976, 3433, 4182, 4919, 5452, 6757, 6937, 6982, 7652, 7838, 8137, 8144, 8240, 8475, 9068, 9116, 9123, 9144]
30 [149, 720, 2020, 2022, 2135, 2230, 2707, 2756, 3524, 3656, 3689, 3857, 5079, 5219, 5668, 5782, 5881, 6798, 7074, 7237, 7486, 7888, 8275, 8449, 8726, 9341, 9372, 9690, 9942, 9951]
23 [423, 507, 594, 870, 885, 892, 1068, 1105, 2056, 2284, 3156, 4164, 4166, 5101, 5242, 5976, 7397, 7671, 7946, 8636, 9076, 9573, 9577]
28 [625, 749, 888, 1219, 1398, 2018, 2689, 2748, 2859, 3032, 3460, 3476, 4418, 4601, 4625, 4950, 4957, 5825, 6248, 6574, 7144, 7388, 8565, 8898, 8904, 9558, 9975, 9977]
19 [542, 736, 802, 1762, 2117, 2359, 2602, 3123, 3194, 5274, 5749, 6093, 6446, 7432, 7660, 7814, 8013, 8446, 9533]
21 [579, 984, 2449, 2680, 3015, 3205, 4545, 5420, 5523, 5632, 5768, 5802, 5959, 6321, 6721, 7205, 7287, 8166, 8385, 8850, 9808]
26 [7, 436, 500, 985, 1037, 1588, 1691, 2828, 2901, 3110, 3914, 4081, 4258, 4528, 4685, 4833, 4849, 4856, 5171, 5209, 5282, 5885, 7226, 7568, 9019, 9027]
25 [324, 446, 1232, 1568, 1885, 2202, 3013, 3181, 5247, 5661, 5880, 6416, 6575, 7126, 7364, 7861, 8252, 8349, 8758, 9302, 9467, 9468, 9470, 9676, 9836]
20 [637, 653, 2243, 2952, 3203, 3672, 3942, 4170, 4973, 4993, 5026, 5430, 6119, 6836, 7824, 7934, 8757, 9003, 9161, 9584]
20 [335, 1395, 1738, 2107, 2998, 3107, 3905, 4396, 4760, 5234, 5405, 5535, 6010, 6379, 6613, 6975, 8262, 8749, 9334, 9908]
31 [105, 115, 247, 397, 893, 1001, 1250, 1425, 1489, 2077, 3508, 4006, 4543, 4552, 4634, 4765, 4840, 5301, 5673, 6434, 6772, 7034, 7882, 7964, 7978, 8339, 8459, 9642, 9723, 9748, 9868]
25 [561, 791, 1082, 1226, 1409, 1445, 3502, 4036, 4535, 4670, 4809, 5095, 5408, 6596, 6764, 7026, 7182, 7558, 7761, 7856, 7980, 8883, 9505, 9725, 9999]
33 [66, 1124, 1349, 1405, 1711, 1975, 2308, 2701, 3469, 4017, 4093, 4589, 4716, 4890, 5008, 5193, 5222, 5413, 5551, 5856, 5861, 6211, 6220, 6583, 6932, 7146, 7159, 7865, 8317, 8369, 8995, 9338, 9599]
23 [855, 1323, 1492, 1647, 1822, 1992, 2044, 2104, 2193, 2599, 4315, 4628, 4755, 5025, 6091, 7291, 7407, 7692, 7862, 8097, 8783, 9565, 9924]
30 [380, 633, 863, 1715, 2780, 3278, 3340, 3371, 3650, 4122, 4157, 4247, 4282, 5039, 5466, 5476, 5613, 5675, 6046, 6183, 6324, 6377, 7035, 7245, 7548, 8560, 9014, 9376, 9697, 9747]
29 [347, 485, 1368, 1900, 2178, 2303, 2571, 2686, 2800, 3047, 4012, 4292, 4362, 4441, 4772, 5176, 5618, 6489, 6905, 7576, 7765, 7904, 8014, 8053, 8133, 8271, 8597, 8915, 9091]
31 [37, 242, 287, 359, 469, 820, 1322, 1626, 2101, 2155, 2607, 2781, 2866, 2977, 4426, 4462, 4739, 5427, 5702, 6092, 6645, 6737, 6770, 7039, 7084, 7686, 7752, 7912, 8314, 9114, 9551]
18 [51, 1443, 1634, 2450, 2566, 2850, 3192, 6342, 6402, 7183, 7570, 8267, 8373, 8718, 8797, 8897, 8932, 9993]
31 [448, 737, 754, 907, 1151, 1862, 2926, 3338, 3439, 4085, 4172, 4525, 4584, 4663, 4995, 5293, 5477, 5806, 5935, 6470, 6694, 6862, 7057, 7196, 7314, 8011, 8294, 8313, 8591, 8815, 9402]
30 [139, 463, 1554, 1732, 1897, 2529, 2798, 2917, 3061, 3794, 3908, 4149, 4450, 4711, 4721, 4746, 4874, 6529, 6888, 7021, 7459, 7594, 8105, 8216, 8882, 9504, 9539, 9842, 9915, 9954]
38 [86, 180, 204, 351, 915, 951, 1013, 1199, 1348, 1455, 2036, 2124, 2167, 2820, 2910, 3230, 3243, 3470, 3780, 4479, 4652, 4726, 4942, 5233, 6259, 6279, 6454, 6658, 6714, 7331, 8135, 8154, 8368, 8402, 8498, 8772, 8920, 9919]
26 [135, 432, 862, 1337, 1684, 1928, 2426, 3172, 3950, 4289, 4574, 5131, 5223, 6142, 6607, 6815, 7109, 7141, 7389, 7705, 8353, 8604, 9147, 9355, 9844, 9848]
24 [522, 569, 624, 1015, 1821, 2639, 2741, 2872, 3101, 3209, 3234, 4352, 4544, 5019, 5436, 6074, 6182, 6301, 7255, 7648, 8917, 9269, 9445, 9695]
35 [80, 880, 1549, 1576, 1869, 2200, 3160, 3173, 3907, 4090, 5108, 5240, 5449, 6250, 6436, 6800, 6909, 7104, 7257, 7263, 7316, 7412, 7517, 7997, 8315, 8466, 8654, 8859, 8860, 8975, 9232, 9418, 9456, 9638, 9911]
28 [227, 314, 781, 1129, 1181, 1606, 1700, 2771, 3831, 4319, 5142, 5150, 5287, 5748, 5858, 5928, 6184, 6339, 6447, 6626, 6665, 7908, 8776, 9051, 9160, 9595, 9623, 9997]
22 [330, 571, 654, 2268, 2374, 3023, 3554, 4576, 4794, 4938, 4964, 5115, 5158, 5461, 6225, 6811, 6823, 7004, 7423, 7550, 8438, 8817]
33 [194, 512, 609, 899, 1277, 1889, 2005, 2232, 3056, 3214, 3335, 3351, 3582, 3602, 3742, 4032, 4208, 4909, 5077, 5383, 5480, 5751, 6128, 6212, 6552, 6802, 7220, 7455, 8192, 8227, 9024, 9458, 9495]
38 [257, 1133, 1227, 1725, 1796, 2334, 2583, 2920, 3001, 3147, 3259, 3496, 3497, 3531, 4146, 4261, 4976, 5279, 5745, 5931, 6103, 6918, 6971, 7150, 7223, 7318, 7446, 7480, 7779, 7945, 7962, 8068, 8310, 8741, 9115, 9298, 9346, 9958]
21 [455, 583, 823, 840, 2166, 3119, 3311, 4779, 5098, 5141, 5188, 5587, 6215, 6471, 7203, 7292, 7342, 7373, 7520, 7610, 7944]
15 [282, 1541, 1707, 1917, 2817, 2835, 4554, 5473, 6576, 7086, 7339, 7408, 8429, 8439, 8755]
23 [384, 458, 1104, 1416, 1444, 2465, 2550, 2693, 2818, 4125, 4324, 4406, 4754, 5132, 5708, 6372, 6839, 6876, 6955, 7166, 7280, 7515, 8210]
24 [82, 478, 1202, 1674, 1876, 2372, 2503, 2896, 2987, 3517, 3786, 4701, 5273, 5969, 6444, 6468, 6503, 7553, 7588, 7677, 7747, 8425, 8547, 9820]
22 [163, 1136, 1381, 1383, 1853, 2300, 2328, 2499, 2592, 3536, 4790, 5584, 5680, 5958, 6102, 7555, 8201, 8346, 8675, 8834, 9242, 9509]
17 [846, 1225, 1779, 3058, 3881, 4468, 4533, 5061, 5597, 5737, 6037, 6449, 6600, 7848, 8123, 8225, 9516]
25 [721, 1114, 1799, 2355, 2956, 3153, 3227, 3280, 3461, 3717, 3737, 3989, 4075, 4446, 4599, 5034, 5512, 6558, 6868, 7142, 7250, 8324, 8388, 8473, 8483]
29 [201, 2677, 2789, 3507, 3673, 5100, 5243, 5451, 5823, 5844, 5927, 6278, 6421, 6539, 6641, 6983, 7115, 7453, 7476, 7755, 7918, 7922, 8099, 8685, 8833, 8942, 9065, 9795, 9874]
26 [208, 379, 1481, 1731, 2212, 2871, 2983, 3352, 4041, 4249, 4325, 4566, 5916, 5957, 6722, 6863, 6935, 7030, 7253, 7950, 8062, 8595, 9279, 9340, 9435, 9881]
20 [818, 919, 1137, 1288, 1321, 1918, 3694, 4052, 4177, 4631, 5124, 5296, 5797, 5878, 6672, 6896, 8142, 8213, 8359, 8550]
23 [67, 576, 1123, 1513, 2562, 3187, 3580, 3929, 4114, 4452, 4669, 5625, 7274, 7278, 7439, 8089, 8282, 8422, 8592, 8738, 8753, 9668, 9771]
21 [417, 601, 1141, 1550, 2942, 3421, 3670, 3741, 3758, 5022, 5029, 5092, 5272, 5932, 6097, 8308, 8564, 8809, 9432, 9506, 9529]
23 [39, 404, 1255, 1272, 1555, 1638, 2521, 2695, 2846, 3725, 3947, 4357, 4361, 4575, 5047, 5275, 5784, 5943, 6045, 6872, 7649, 8532, 9534]
41 [45, 88, 341, 756, 1003, 1424, 1755, 1852, 2668, 2880, 2969, 3149, 3314, 3324, 3385, 3532, 4043, 4071, 4213, 4333, 4360, 4645, 5820, 6134, 6842, 7053, 7584, 7622, 7748, 7973, 8274, 8304, 8657, 8701, 9208, 9373, 9395, 9499, 9546, 9966, 9967]
30 [113, 222, 342, 497, 993, 1602, 1977, 2237, 2365, 2657, 2809, 2875, 4099, 4491, 4630, 4917, 5172, 6298, 6319, 6719, 7009, 7778, 8029, 8245, 8881, 9007, 9059, 9261, 9790, 9867]
21 [1355, 1377, 1414, 1510, 2453, 2534, 3716, 3791, 4000, 4373, 4656, 4703, 5185, 5543, 6008, 6562, 6696, 6832, 7121, 7702, 8395]
27 [1029, 1333, 1878, 2480, 2516, 2584, 3092, 3287, 3329, 3747, 3987, 4748, 5183, 5816, 5914, 5986, 6153, 6775, 6961, 7193, 8710, 8727, 8823, 8863, 9022, 9180, 9841]
17 [1709, 1866, 1887, 2579, 3982, 4007, 4097, 4312, 4382, 4881, 5237, 6634, 7589, 7894, 8683, 8959, 9305]
26 [8, 130, 761, 1354, 1978, 2102, 2251, 2433, 2868, 3847, 4176, 4367, 4785, 5030, 5175, 5721, 7063, 7354, 7463, 7511, 7863, 8782, 8954, 9158, 9330, 9531]
18 [1689, 2099, 2170, 2280, 2546, 2995, 3284, 3450, 3839, 4342, 4502, 4643, 5494, 6939, 7885, 8010, 8421, 9827]
25 [260, 592, 920, 1009, 1203, 1611, 2246, 3238, 3560, 4107, 4183, 4763, 5103, 6116, 6217, 6291, 6423, 7556, 7854, 8239, 8345, 8390, 8842, 8846, 9412]
25 [38, 643, 1872, 1940, 2069, 3108, 3403, 3638, 4225, 6089, 7231, 7554, 7742, 7990, 8082, 8220, 8238, 8251, 8316, 8570, 8589, 8616, 9181, 9678, 9701]
27 [70, 708, 764, 821, 1625, 2281, 2349, 2435, 2743, 4072, 4223, 4311, 5593, 5671, 6024, 6133, 6466, 6546, 7999, 8077, 8203, 8290, 8493, 8608, 9075, 9438, 9485]
27 [129, 373, 438, 487, 591, 639, 688, 1166, 1256, 1307, 2061, 2493, 3213, 3327, 3576, 4512, 4539, 4690, 4776, 6158, 6392, 6998, 7003, 7209, 7440, 9117, 9934]
25 [729, 1537, 1539, 1616, 2356, 2357, 2466, 2574, 2675, 3380, 3739, 3877, 4440, 4582, 4641, 5059, 5134, 7000, 7387, 7623, 7629, 8336, 8891, 9721, 9949]
23 [244, 1578, 1895, 2043, 2421, 3208, 3250, 4202, 5112, 5441, 5516, 5644, 6163, 6381, 6941, 7058, 7585, 8723, 8745, 9207, 9527, 9535, 9536]
26 [442, 1157, 1404, 1814, 2367, 2389, 2893, 3499, 3571, 3863, 4536, 4679, 4908, 4969, 5561, 8103, 8169, 8465, 8807, 8985, 8997, 9233, 9560, 9586, 9767, 9878]
21 [889, 2091, 2455, 2879, 2937, 3562, 3711, 3836, 4086, 4095, 4590, 5060, 5380, 5882, 6151, 6759, 8489, 9455, 9714, 9870, 9910]
22 [271, 1032, 1749, 2080, 2244, 2278, 2688, 2816, 3481, 4082, 4349, 4605, 5328, 5370, 6448, 6853, 7108, 7449, 7533, 7631, 9035, 9765]
25 [971, 1553, 1589, 1701, 1780, 2017, 2157, 2681, 3190, 3734, 4612, 5350, 5658, 5766, 6065, 6675, 7128, 8499, 8733, 8865, 9317, 9601, 9687, 9909, 9937]
30 [235, 245, 256, 799, 1264, 1327, 1488, 1948, 2484, 2612, 3122, 3268, 3743, 3895, 4217, 5109, 5299, 5305, 5401, 5683, 5883, 6137, 6186, 6286, 7268, 7367, 8129, 8234, 8510, 9382]
27 [99, 369, 1828, 1831, 2238, 2272, 2972, 3103, 3540, 3543, 3855, 3880, 4113, 4798, 4882, 5504, 5636, 5654, 5681, 6205, 6646, 6656, 8909, 9011, 9337, 9383, 9508]
26 [354, 753, 1175, 1193, 2635, 3039, 3388, 3435, 3474, 3867, 4059, 5130, 5424, 5534, 5977, 6067, 6545, 6685, 6979, 7170, 7230, 7536, 8647, 8981, 9281, 9369]
32 [611, 682, 694, 901, 1390, 1681, 1921, 1979, 2414, 2515, 3215, 3937, 4276, 5166, 5311, 5580, 5582, 5762, 5901, 6230, 6380, 6405, 6451, 6650, 6943, 7450, 8141, 8404, 8974, 9564, 9685, 9931]
26 [474, 883, 914, 950, 1631, 2076, 2373, 3068, 3911, 4560, 4629, 4921, 5732, 5739, 5947, 6587, 7336, 7380, 7413, 7956, 8037, 8279, 8335, 8590, 9645, 9907]
27 [648, 960, 1062, 1947, 2472, 2941, 3606, 3644, 4370, 4481, 5009, 5169, 5232, 6201, 6715, 6765, 6859, 7821, 8032, 8424, 8639, 8673, 8893, 9060, 9106, 9288, 9770]
20 [814, 2397, 2548, 2670, 3133, 3565, 3891, 4738, 4741, 4780, 6146, 6758, 7475, 7762, 7877, 8423, 8517, 8558, 8947, 9378]
21 [1074, 1387, 1461, 2177, 3788, 4676, 5049, 6245, 6272, 6439, 6751, 6928, 7041, 7244, 7699, 7826, 8569, 9610, 9666, 9814, 9971]
28 [785, 836, 943, 1231, 1360, 1385, 1825, 2139, 2144, 3512, 3643, 4009, 4313, 4580, 5472, 5526, 5934, 5961, 6953, 7296, 7352, 7526, 7852, 8553, 8585, 9157, 9655, 9980]
23 [320, 746, 1265, 1619, 1765, 1936, 3627, 4288, 4489, 4692, 4838, 5027, 5065, 5148, 5617, 6174, 6723, 7445, 8205, 8504, 9307, 9363, 9965]
