11 16 64 111 112 129 144 210 219 233 237 290
4 119 154 226 289
3 0 50 170
5 18 21 185 199 282
4 67 74 275 298
7 17 22 43 110 121 139 224
1 167
4 39 113 151 236
3 94 108 122
2 3 206
1 231
5 37 143 176 273 287
3 27 213 243
4 1 40 125 153
1 221
1 238
2 102 177
4 88 168 204 223
6 97 99 115 162 255 268
2 29 133
4 68 178 245 285
3 95 211 274
3 76 229 266
4 23 62 188 225
2 140 163
4 20 145 207 292
4 85 114 217 248
3 141 193 244
1 201
4 127 158 218 265
5 35 38 137 247 262
2 165 208
3 52 101 251
3 48 209 239
2 234 279
1 116
3 34 63 157
2 169 284
2 13 296
4 78 149 196 258
1 53
1 109
2 57 135
2 9 182
4 72 73 180 293
1 131
2 181 254
2 44 89
3 56 152 197
2 161 269
1 259
3 25 98 179
5 4 58 107 142 257
1 205
1 202
3 42 189 242
1 130
1 7
4 11 81 215 271
1 148
2 212 286
3 33 36 190
5 14 61 105 123 128
4 120 156 171 194
2 8 47
2 164 288
3 91 124 295
5 30 69 71 75 103
3 45 195 256
1 232
2 49 59
3 54 93 272
6 79 87 126 241 252 278
5 2 24 83 220 260
3 19 173 235
5 106 186 249 263 299
4 41 84 92 132
5 172 228 246 250 276
2 166 174
2 155 230
2 66 86
4 51 159 267 297
3 15 146 222
5 12 46 82 90 184
3 136 277 280
8 6 96 160 187 200 261 264 281
2 138 294
3 55 227 240
3 70 100 118
1 31
2 26 175
3 117 134 283
3 28 65 150
3 10 192 270
3 5 203 253
1 191
4 104 147 198 214
7 32 60 77 80 183 216 291
0
0