True
False
26 [1211, 1818, 1953, 2287, 2817, 2847, 4103, 4180, 5226, 5291, 5324, 6038, 6176, 6913, 7167, 7189, 7407, 7996, 8266, 8331, 8694, 8824, 9177, 9492, 9943, 9946]
29 [199, 488, 524, 589, 710, 713, 992, 1228, 1766, 1939, 2087, 2573, 2857, 3043, 3726, 3739, 4320, 4403, 4665, 5905, 6193, 6554, 6750, 7351, 8101, 8186, 8228, 9764, 9838]
20 [502, 2636, 2963, 2975, 3462, 3765, 4809, 4822, 5799, 7231, 8021, 8033, 8365, 8510, 8528, 9018, 9033, 9286, 9681, 9778]
26 [123, 302, 552, 769, 1001, 1220, 1346, 1364, 1693, 2154, 2355, 2991, 3490, 3577, 3671, 3924, 4113, 4916, 5629, 5912, 7266, 7459, 9120, 9251, 9654, 9996]
20 [256, 498, 714, 954, 1353, 1513, 2203, 2969, 4053, 4785, 4871, 5471, 6240, 6340, 6435, 6472, 7305, 7804, 8486, 9864]
28 [27, 298, 376, 1685, 1825, 1895, 1986, 3074, 3279, 3394, 3715, 4092, 4387, 4621, 5301, 5695, 5911, 6381, 6452, 6682, 6772, 6813, 6836, 7501, 8677, 8716, 8854, 9538]
35 [413, 514, 682, 1570, 2105, 2189, 2321, 2387, 2579, 2702, 2723, 2947, 3323, 3495, 3730, 4524, 4949, 5936, 6482, 7220, 7244, 7492, 7517, 7618, 8073, 8374, 8577, 8748, 8835, 8940, 9055, 9591, 9733, 9893, 9934]
15 [299, 2015, 2072, 2234, 2417, 2708, 3580, 5980, 6043, 6905, 7151, 7289, 9272, 9417, 9792]
25 [225, 786, 827, 1040, 1135, 1223, 2048, 2216, 2402, 2873, 3085, 3342, 3889, 3963, 4560, 4686, 5239, 5557, 5702, 6248, 6618, 7665, 7893, 8168, 9058]
23 [447, 476, 879, 1271, 1317, 1881, 2685, 2752, 4398, 5586, 6048, 6315, 6611, 7251, 7363, 7500, 7947, 8096, 8573, 8746, 8752, 8767, 9443]
16 [487, 1042, 1288, 1767, 1946, 1947, 2965, 3141, 3797, 3879, 4505, 5325, 6001, 8802, 8840, 9452]
32 [114, 1009, 2457, 2530, 2604, 3068, 3097, 3548, 3697, 3884, 4129, 5392, 5705, 5901, 5962, 6272, 6367, 6607, 6922, 6980, 7397, 8227, 8452, 9066, 9224, 9302, 9357, 9541, 9822, 9853, 9924, 9974]
21 [134, 978, 1306, 1981, 2175, 2679, 5436, 5939, 6335, 6727, 7082, 7102, 7125, 7965, 8240, 8358, 8507, 8682, 8869, 9108, 9141]
21 [800, 970, 1462, 1805, 2753, 2996, 3022, 3132, 3409, 4217, 4496, 5296, 5964, 6050, 6249, 6286, 7100, 7241, 7634, 8774, 8891]
31 [107, 530, 542, 906, 1411, 1786, 2521, 3044, 3781, 3803, 3931, 4052, 4246, 4527, 4674, 5086, 5760, 5894, 6269, 6489, 6673, 6926, 6998, 7146, 7601, 7795, 7879, 8207, 9275, 9346, 9466]
30 [17, 505, 1079, 1080, 1461, 1914, 2069, 2627, 3204, 3448, 4017, 4414, 4517, 4593, 5072, 5224, 5417, 6747, 6903, 6949, 6978, 7018, 7444, 7859, 8444, 8670, 9322, 9639, 9879, 9968]
17 [290, 2306, 2375, 2396, 3538, 3959, 4056, 5784, 5937, 5952, 6374, 6437, 7485, 7928, 8426, 8466, 9333]
24 [29, 609, 1896, 2301, 3644, 3652, 3983, 4274, 4634, 5577, 6572, 6677, 6924, 7067, 7096, 7802, 7862, 8515, 8524, 8554, 8583, 8962, 9101, 9226]
21 [649, 1011, 1013, 1161, 1428, 1654, 1968, 2205, 2441, 3414, 3941, 4125, 4226, 4649, 5835, 7383, 7498, 8107, 8769, 9453, 9885]
22 [145, 717, 794, 925, 1376, 1413, 1612, 2563, 2568, 4058, 4214, 4236, 4752, 5389, 5788, 6192, 7946, 8192, 8347, 8394, 8401, 8925]
23 [588, 1440, 2283, 2326, 2787, 3270, 3525, 4000, 5193, 5525, 5598, 6074, 6318, 6566, 6739, 6863, 7437, 8075, 8234, 8569, 8827, 9668, 9765]
25 [479, 1184, 1380, 1782, 2405, 2505, 2854, 3434, 3732, 4848, 5764, 6041, 6358, 6843, 7866, 7940, 8048, 8258, 8895, 9213, 9261, 9416, 9421, 9643, 9820]
24 [683, 807, 929, 934, 1054, 1691, 1772, 2481, 3212, 3883, 4067, 4157, 4184, 4607, 5897, 6288, 6797, 7484, 7533, 8747, 8816, 9218, 9491, 9603]
29 [255, 657, 1348, 1354, 1973, 2067, 2290, 2769, 3150, 3446, 3636, 4651, 5302, 5361, 5413, 5556, 5752, 6401, 6532, 6616, 6696, 6771, 6874, 7333, 7399, 7653, 8204, 8506, 9627]
28 [855, 943, 1191, 1286, 2001, 2567, 2892, 3302, 3832, 3898, 4630, 4650, 4881, 5130, 5684, 6290, 6742, 6889, 6915, 7496, 7668, 7740, 7889, 8245, 8754, 9029, 9116, 9825]
19 [234, 262, 414, 901, 1196, 3333, 5359, 5379, 5515, 6084, 6620, 6992, 7230, 8288, 8408, 8440, 8627, 8721, 9235]
22 [650, 1508, 1850, 3563, 3801, 3950, 4758, 5274, 5308, 5625, 6473, 7058, 7221, 7515, 8029, 8040, 8628, 8667, 8745, 9069, 9301, 9937]
28 [613, 1083, 1434, 1479, 1565, 2369, 2607, 3324, 3914, 4020, 4133, 4358, 4716, 4888, 5160, 5658, 6018, 6207, 6219, 6263, 6570, 7028, 7336, 7657, 7699, 7726, 7921, 8676]
23 [511, 1123, 1467, 1492, 1816, 2388, 2597, 3257, 3600, 3614, 3643, 4760, 5407, 5884, 6066, 6573, 6745, 6805, 7344, 8371, 8544, 9190, 9408]
26 [273, 737, 1195, 1871, 2218, 2408, 2456, 2458, 2773, 3041, 3158, 3445, 3673, 3686, 3944, 4430, 4606, 4900, 5467, 5819, 6197, 6209, 6382, 7781, 8526, 9297]
26 [126, 361, 389, 610, 1287, 1712, 1791, 2315, 2634, 2808, 3162, 3227, 3263, 4962, 5446, 6128, 6293, 8438, 8575, 8739, 8825, 8992, 9200, 9536, 9609, 9642]
22 [474, 1067, 1142, 1544, 1556, 1945, 2827, 3253, 3325, 3412, 3738, 4393, 4642, 5026, 5214, 5885, 7291, 7711, 7713, 9308, 9320, 9931]
25 [62, 217, 715, 1864, 2156, 2332, 3399, 3762, 3850, 3872, 4077, 4544, 5189, 5255, 5868, 6101, 6453, 6672, 8084, 8205, 8244, 8695, 9096, 9683, 9745]
22 [623, 1112, 1148, 1206, 1534, 2658, 2878, 3454, 4667, 4691, 5691, 5850, 6274, 6629, 7600, 8357, 8391, 9620, 9669, 9730, 9861, 9912]
31 [121, 252, 308, 646, 1216, 1602, 2210, 2928, 3131, 3545, 3609, 3857, 3880, 4335, 4954, 5534, 5562, 5927, 6245, 6445, 6807, 6911, 7093, 7242, 8143, 8833, 8913, 9125, 9533, 9597, 9751]
38 [391, 421, 571, 596, 711, 1052, 1337, 1487, 1496, 1711, 1941, 1962, 1965, 2158, 2220, 2282, 2398, 2813, 3660, 3987, 4533, 5233, 5890, 6134, 6191, 6474, 6844, 7234, 7288, 7868, 8289, 8468, 9188, 9306, 9351, 9407, 9913, 9970]
28 [220, 509, 672, 2104, 2399, 2741, 3334, 3467, 3539, 3707, 4476, 4555, 4629, 4985, 5943, 5967, 6506, 6681, 6715, 7097, 8014, 8235, 8386, 8393, 8801, 8924, 9103, 9401]
34 [11, 570, 681, 922, 1143, 1189, 1226, 1299, 1314, 1521, 1959, 2437, 2468, 2532, 2780, 3120, 4182, 4458, 4495, 5692, 5863, 5915, 6346, 6486, 6613, 6668, 6723, 7313, 7513, 7609, 7934, 8373, 8999, 9271]
30 [550, 1014, 1166, 2129, 2204, 2936, 3408, 3510, 3751, 3984, 4238, 4469, 4486, 4681, 5198, 5338, 5500, 5632, 6013, 6802, 6826, 7830, 8191, 8305, 8322, 8733, 8778, 8888, 9326, 9886]
18 [1033, 1201, 1477, 2097, 2938, 3039, 3198, 4631, 5636, 5681, 7309, 7406, 7920, 8093, 8481, 9024, 9682, 9821]
29 [258, 424, 777, 830, 1349, 1402, 1575, 1748, 2266, 2655, 4104, 4191, 4479, 5457, 5544, 6407, 6777, 7141, 7236, 7521, 7539, 7686, 7864, 8175, 9169, 9426, 9562, 9605, 9976]
29 [473, 630, 1400, 2102, 2146, 2242, 2729, 3082, 3144, 4091, 4418, 4463, 4487, 4747, 4840, 5066, 5091, 5634, 6238, 6884, 7343, 7384, 7416, 8172, 8430, 8631, 8881, 9467, 9798]
37 [151, 231, 275, 666, 801, 878, 1230, 1233, 1526, 1539, 1750, 1904, 2050, 2191, 2518, 2638, 2843, 3755, 3905, 4894, 5053, 5465, 5774, 5781, 5907, 6202, 6348, 6928, 7283, 7393, 7487, 7919, 8095, 8231, 8470, 8921, 9305]
25 [562, 605, 661, 836, 1012, 2009, 2109, 2193, 2922, 2939, 3166, 3293, 4371, 4519, 5179, 5415, 5757, 6292, 6788, 7055, 7544, 7710, 7985, 8296, 9171]
27 [764, 1562, 1620, 1721, 1948, 2566, 2950, 3155, 3292, 3558, 3970, 4234, 4644, 4947, 5812, 6060, 6204, 6557, 6947, 7246, 7596, 7743, 8338, 8655, 8702, 8847, 9488]
26 [2, 343, 468, 1129, 1212, 1490, 1706, 1720, 2016, 2776, 3135, 3353, 3503, 3553, 3873, 4122, 4553, 5399, 5725, 5830, 5870, 6151, 6760, 8301, 8947, 8951]
30 [63, 73, 348, 380, 608, 1908, 2091, 2114, 2345, 2512, 2641, 3031, 4063, 4647, 6126, 6460, 6533, 7022, 7202, 7245, 7373, 7455, 7552, 7888, 7916, 8398, 8634, 9201, 9529, 9979]
24 [941, 1022, 1336, 1426, 1897, 3796, 3992, 4326, 4680, 4787, 4896, 5171, 5253, 5902, 5973, 6149, 6271, 7531, 7557, 7565, 8448, 8649, 9094, 9801]
26 [202, 426, 441, 1891, 2280, 2322, 3338, 3415, 3917, 4143, 4240, 4548, 4712, 5201, 5211, 5273, 6158, 6726, 6919, 7044, 7576, 8037, 8327, 8804, 9545, 9896]
32 [33, 86, 699, 1100, 1852, 1870, 2354, 2363, 2485, 2549, 2837, 3206, 3344, 3481, 3489, 3540, 3954, 4260, 4432, 5748, 5776, 6093, 6862, 6971, 7139, 7318, 7723, 8123, 9142, 9354, 9775, 9819]
29 [531, 641, 1000, 1538, 1580, 1695, 1702, 1790, 2279, 2397, 3103, 3152, 3421, 3878, 4022, 4445, 4510, 5176, 5381, 5405, 5862, 6080, 6328, 6518, 7433, 7646, 8333, 9245, 9936]
32 [205, 527, 600, 740, 1390, 1535, 1585, 1877, 2438, 2783, 3192, 3330, 3729, 3977, 4200, 4731, 5106, 5149, 5462, 5701, 5854, 6467, 6498, 6955, 8170, 8794, 8817, 9131, 9264, 9660, 9740, 9790]
26 [491, 582, 1396, 1468, 1638, 1964, 1977, 2537, 2983, 3619, 5093, 5103, 5374, 5950, 6026, 6033, 6237, 6626, 7051, 8013, 8112, 8905, 9194, 9382, 9585, 9699]
20 [266, 821, 841, 1119, 1315, 2075, 2422, 2970, 3945, 4121, 4219, 5154, 5362, 6285, 6387, 6918, 7486, 7616, 7959, 9072]
31 [939, 1122, 1745, 2101, 2626, 3264, 3773, 3787, 3826, 3869, 3981, 3997, 4094, 4281, 4499, 4717, 4805, 4959, 4990, 5482, 6229, 6342, 6575, 7156, 7823, 8150, 8366, 8598, 8956, 9017, 9259]
31 [218, 1073, 1752, 1764, 2037, 2211, 2522, 3243, 3262, 3374, 3401, 3567, 3706, 4198, 4673, 4815, 5195, 5424, 6022, 6247, 6588, 6731, 7113, 7177, 7645, 7874, 8253, 8446, 9215, 9911, 9942]
25 [326, 591, 741, 960, 1249, 2030, 2238, 2552, 3117, 4450, 5452, 5711, 6331, 6609, 6881, 6967, 7043, 7367, 7927, 8169, 8582, 9084, 9115, 9163, 9994]
25 [117, 139, 900, 1243, 2225, 2454, 2949, 3522, 4142, 4447, 4973, 5071, 5220, 5378, 5485, 5783, 6738, 6834, 6835, 7771, 7847, 8491, 8545, 9047, 9948]
14 [91, 948, 1147, 2930, 3588, 4285, 4960, 4997, 6481, 7002, 8236, 9157, 9521, 9827]
17 [980, 1443, 1525, 1880, 2826, 3544, 3926, 4543, 4657, 5817, 7120, 7206, 7226, 7708, 8640, 9311, 9335]
28 [79, 124, 289, 345, 756, 1524, 1940, 2394, 2406, 2643, 2674, 3601, 3658, 4833, 4843, 4903, 5132, 6353, 6509, 6523, 7209, 7276, 7980, 8511, 8917, 9381, 9697, 9754]
27 [244, 245, 1295, 1909, 2557, 2918, 2948, 3065, 3542, 3597, 4078, 4098, 4322, 4435, 4532, 5551, 5874, 6778, 7107, 7694, 8038, 8086, 8594, 8744, 9126, 9670, 9966]
23 [405, 705, 1505, 1988, 1996, 3231, 3666, 4016, 4938, 5035, 5336, 5597, 6166, 6804, 7269, 7338, 8284, 8368, 8692, 8775, 8877, 9021, 9881]
31 [315, 799, 1377, 1754, 2260, 2707, 2728, 3133, 3151, 3753, 3877, 3999, 4027, 4346, 4539, 4800, 5313, 5513, 6316, 7341, 7356, 8805, 8892, 8958, 9001, 9087, 9132, 9253, 9334, 9604, 9852]
21 [20, 215, 272, 634, 694, 702, 1439, 1769, 2125, 2642, 3148, 3744, 4576, 5137, 5297, 6059, 6355, 6458, 6592, 7538, 9415]
21 [637, 895, 1237, 1491, 2271, 2551, 2849, 4163, 4221, 4508, 5509, 5697, 5749, 5802, 5891, 6213, 7201, 7443, 7725, 9419, 9998]
32 [1159, 1170, 1430, 1607, 1804, 1961, 2059, 2442, 2556, 2916, 3432, 3965, 4755, 4983, 5735, 5811, 6233, 6298, 6534, 6811, 7122, 7161, 7208, 7271, 7687, 8221, 8382, 8625, 8906, 9465, 9554, 9880]
16 [1120, 1361, 1517, 2411, 2959, 3668, 4177, 4381, 4726, 5165, 6963, 7282, 7671, 8423, 9269, 9462]
32 [188, 263, 638, 1069, 1300, 1834, 1935, 2167, 2373, 2513, 2788, 3199, 3385, 3424, 3443, 3874, 4878, 4915, 5034, 5600, 6580, 6594, 7069, 7402, 7404, 7682, 7776, 8492, 8581, 9165, 9325, 9528]
19 [1141, 1589, 1778, 2576, 3990, 4827, 5512, 5756, 6006, 6095, 6873, 6959, 7145, 8256, 8384, 8451, 9025, 9704, 9978]
23 [53, 463, 477, 913, 973, 1738, 2056, 2657, 2731, 4128, 4705, 5329, 5375, 6652, 6880, 7347, 7502, 8133, 8255, 8404, 9112, 9721, 9791]
21 [101, 1308, 2451, 2470, 2774, 3003, 3474, 3940, 4635, 4849, 4940, 4969, 5464, 6159, 6281, 6309, 6689, 8028, 8187, 9043, 9478]
22 [1131, 1250, 1636, 2304, 3314, 3717, 4659, 4806, 4919, 5036, 5147, 5230, 6430, 6934, 7328, 7796, 8151, 8618, 8622, 8930, 9610, 9910]
31 [5, 13, 719, 924, 1289, 3506, 3828, 3948, 3957, 4075, 4130, 4354, 5082, 5249, 5458, 5682, 6085, 6117, 6459, 6695, 6972, 7088, 7530, 7680, 8482, 8558, 8564, 8900, 9174, 9298, 9341]
35 [104, 437, 752, 998, 1493, 1846, 1995, 2591, 2915, 2967, 2993, 3067, 3072, 3190, 3691, 3768, 3783, 4202, 4439, 4710, 4967, 5250, 5354, 5700, 6235, 6712, 6860, 7784, 7900, 8057, 8621, 8762, 8883, 9428, 9522]
24 [792, 991, 1640, 1729, 3096, 3332, 3603, 3698, 4437, 4491, 4724, 5069, 5083, 5090, 5299, 5320, 6510, 6564, 6576, 6765, 7442, 7660, 8485, 8776]
35 [261, 1047, 1066, 1442, 1619, 2036, 3186, 3278, 3996, 4241, 4677, 4759, 4945, 5014, 5164, 5345, 5716, 5875, 6514, 6721, 7162, 7414, 7733, 7799, 7844, 8026, 8200, 8425, 8432, 9035, 9129, 9139, 9168, 9448, 9539]
23 [415, 512, 1124, 1127, 2248, 2273, 2295, 2564, 3087, 5085, 5610, 6010, 6097, 6403, 6591, 6593, 7270, 7495, 7867, 9180, 9447, 9608, 9655]
25 [923, 979, 2053, 2106, 2349, 2711, 3276, 3384, 4059, 4503, 4744, 4790, 4996, 5096, 6770, 6952, 8104, 8203, 8462, 8609, 9040, 9505, 9615, 9726, 9840]
22 [143, 518, 575, 833, 1060, 1567, 1905, 2619, 2984, 4824, 4933, 5314, 5487, 6177, 6296, 7253, 8218, 9233, 9292, 9477, 9561, 9818]
26 [42, 260, 1267, 2620, 2653, 3061, 3175, 3407, 4018, 4137, 4319, 4943, 5333, 5533, 5737, 6053, 6253, 6686, 6713, 6987, 7007, 7467, 7751, 8377, 9601, 9780]
25 [367, 2062, 2122, 2666, 2990, 3013, 3348, 3847, 4043, 4062, 4297, 5022, 5987, 6019, 6424, 6646, 7394, 7661, 7746, 7915, 8132, 8302, 8413, 9173, 9329]
24 [625, 627, 793, 2236, 2298, 2333, 2839, 3029, 3157, 3648, 4080, 4268, 4718, 5277, 5347, 6027, 6184, 6433, 6638, 7085, 7362, 7490, 7903, 8512]
23 [568, 1146, 1272, 1452, 1795, 2455, 2760, 2805, 3260, 3640, 4729, 4893, 5025, 5047, 5468, 6942, 7023, 7360, 7945, 8164, 8343, 8687, 9731]
19 [3, 1511, 1810, 2681, 4235, 4397, 4525, 4812, 5707, 6127, 6649, 6859, 7578, 7904, 8106, 8130, 8742, 8987, 9091]
24 [1019, 1041, 1489, 1697, 2992, 3657, 3718, 4310, 5869, 6182, 6384, 6714, 6852, 7029, 7567, 8267, 8749, 8798, 8949, 8953, 9031, 9135, 9703, 9905]
24 [430, 670, 880, 1038, 1114, 1358, 1742, 1827, 2197, 2443, 2471, 2981, 3483, 4190, 4563, 5094, 5892, 7126, 7273, 7480, 7792, 8950, 9839, 9874]
27 [12, 1049, 1210, 1278, 1327, 1578, 1597, 1866, 1938, 2523, 3511, 3716, 3764, 4154, 4610, 4975, 5604, 6047, 6505, 7449, 7815, 7819, 7827, 8335, 8441, 9577, 9732]
29 [173, 601, 1107, 1506, 1725, 2880, 3537, 4289, 4338, 4569, 4794, 5088, 5564, 5567, 5639, 5956, 6420, 6610, 6749, 7011, 7722, 7968, 8196, 8277, 8516, 9342, 9551, 9564, 9771]
30 [105, 136, 307, 378, 559, 1545, 2200, 2420, 2654, 3115, 3259, 3852, 4506, 4802, 5006, 5131, 5199, 5443, 5538, 6345, 6976, 7568, 7648, 8418, 8445, 8459, 8665, 8972, 9573, 9906]
25 [209, 870, 1643, 1794, 1855, 2690, 2859, 2932, 3177, 4111, 4288, 4466, 4939, 5368, 6111, 6279, 6287, 7572, 7606, 8330, 8811, 8982, 9076, 9425, 9908]
23 [406, 521, 667, 759, 969, 1016, 1339, 1370, 1671, 2864, 3008, 3951, 4456, 5116, 5524, 5706, 6058, 6267, 6793, 7896, 8416, 9960, 9985]
25 [251, 1015, 1099, 2612, 2613, 2770, 2898, 3051, 3191, 3221, 3304, 3887, 3998, 4583, 5380, 6337, 6743, 6878, 7059, 7286, 7974, 8356, 8363, 9458, 9659]
21 [451, 716, 1548, 1856, 2432, 2461, 2487, 2592, 3287, 3355, 4045, 4682, 4853, 5647, 6779, 7649, 7734, 8359, 8978, 9544, 9602]
12 [1004, 2012, 2358, 2376, 2543, 2987, 4008, 6131, 7703, 9202, 9437, 9633]
30 [306, 373, 455, 508, 1761, 1820, 2042, 2267, 2671, 2738, 2845, 2894, 4026, 4037, 4269, 5439, 5865, 6278, 6720, 7019, 7118, 7222, 7727, 7779, 8226, 8698, 8961, 9470, 9756, 9909]
25 [177, 408, 742, 1382, 1613, 1633, 1976, 2111, 2334, 2490, 2541, 2812, 2911, 4424, 4688, 5007, 5270, 6297, 7149, 7274, 7956, 8217, 8495, 9685, 9947]
30 [118, 397, 539, 581, 882, 916, 1061, 1688, 1912, 2239, 2316, 3113, 3256, 3517, 4504, 4841, 5899, 6069, 6785, 7035, 7098, 7127, 7714, 7809, 8122, 8281, 8344, 8473, 8975, 9967]
26 [456, 817, 950, 1084, 1387, 2835, 3514, 4174, 4638, 4958, 5351, 5845, 5963, 6368, 6716, 7753, 8082, 8260, 8326, 8941, 9183, 9287, 9344, 9429, 9634, 9868]
28 [388, 465, 1039, 1931, 2008, 2066, 2080, 2529, 2538, 3219, 3239, 3466, 3536, 3808, 4864, 4898, 5395, 5409, 5460, 5848, 6061, 6295, 6625, 6809, 6953, 7064, 7950, 7951]
28 [535, 1027, 1710, 1893, 2488, 2945, 3438, 3535, 3989, 4810, 5234, 5440, 5470, 5545, 5679, 6094, 6243, 6740, 7327, 7411, 7720, 7764, 7775, 7821, 8055, 8068, 9761, 9856]
21 [651, 1087, 1153, 1188, 1622, 3207, 4135, 4158, 4531, 5904, 6276, 6568, 7012, 7812, 8005, 8345, 8563, 8967, 9376, 9469, 9737]
30 [21, 346, 1008, 1601, 2163, 2185, 2390, 2869, 4195, 4811, 5579, 5696, 6040, 6228, 6447, 6487, 6775, 6948, 7193, 7293, 7365, 7586, 7783, 7982, 8652, 8819, 9109, 9715, 9718, 9797]
24 [88, 314, 1488, 1680, 1692, 2865, 3073, 3077, 3426, 3708, 5156, 5383, 5514, 5762, 5991, 7278, 7659, 8250, 8552, 8717, 9487, 9613, 9678, 9846]
22 [57, 194, 1482, 1608, 1649, 1837, 2410, 2846, 3413, 3927, 4407, 4409, 5113, 5718, 6189, 6547, 6707, 7134, 7319, 8771, 8861, 9074]
27 [515, 1232, 1705, 1726, 1854, 1861, 2331, 2367, 2482, 2744, 2750, 2778, 3777, 3802, 3829, 4114, 4641, 4768, 5337, 5653, 5934, 6225, 6789, 7020, 7072, 7644, 8001]
24 [1005, 1204, 1533, 1596, 1989, 2086, 2426, 2814, 3946, 4507, 4842, 5216, 5599, 5637, 6230, 8270, 8585, 8704, 8720, 9154, 9222, 9694, 9784, 9869]
23 [138, 150, 592, 706, 822, 1310, 1313, 2228, 2335, 3526, 4115, 4587, 5469, 5477, 5798, 5960, 6283, 6529, 6678, 6734, 7628, 8019, 8077]
20 [832, 1207, 2269, 2352, 2548, 3294, 3929, 4215, 4343, 4750, 4799, 4977, 5746, 6148, 6549, 6851, 7352, 8152, 8389, 9399]
29 [398, 444, 631, 961, 1214, 1429, 1600, 2123, 2590, 2973, 3518, 3862, 4054, 4102, 4141, 4210, 4436, 4669, 5060, 6145, 6427, 7589, 7778, 7884, 8009, 8339, 8901, 8983, 9969]
32 [197, 435, 1076, 1331, 1586, 3217, 4011, 4341, 4405, 4529, 4708, 4869, 5420, 5476, 5714, 5753, 5828, 6049, 6305, 6704, 7086, 7299, 7389, 7977, 8050, 8078, 8500, 8669, 8693, 8969, 9070, 9607]
25 [192, 195, 280, 459, 1422, 2112, 2214, 2542, 3075, 3254, 3507, 3967, 4261, 5494, 5508, 6099, 6405, 7091, 7240, 7312, 7453, 7852, 7936, 8504, 8521]
24 [866, 951, 1227, 1751, 2151, 2830, 4072, 4209, 4328, 4380, 4826, 4892, 5019, 5479, 7169, 7227, 7379, 8360, 8859, 8866, 8868, 9121, 9588, 9808]
19 [334, 489, 1044, 1225, 1241, 1561, 1907, 2733, 2980, 3921, 4547, 4918, 5236, 6614, 6841, 7457, 8639, 8997, 9898]
28 [10, 891, 1023, 1205, 1536, 1741, 1835, 1857, 3604, 3911, 4069, 4308, 5008, 5450, 6537, 6710, 7918, 8111, 8475, 8570, 8897, 8916, 9042, 9260, 9396, 9418, 9450, 9850]
36 [92, 407, 602, 701, 758, 2085, 2307, 2412, 2630, 2667, 3786, 3844, 4367, 4493, 4880, 5188, 5754, 5843, 6222, 6400, 6488, 6946, 6951, 7090, 7181, 7410, 7477, 7695, 7818, 7909, 8166, 8508, 8853, 9046, 9155, 9687]
29 [44, 403, 532, 564, 965, 2296, 2615, 2665, 3375, 3449, 4411, 4580, 4754, 4834, 5146, 5624, 5989, 6106, 6559, 6883, 7275, 7614, 8045, 8153, 8292, 8540, 9099, 9143, 9696]
28 [857, 1236, 1294, 1391, 1587, 1658, 1987, 2159, 3058, 3313, 3533, 4066, 4475, 4964, 5219, 6390, 6558, 6671, 7217, 7257, 7261, 7833, 8061, 8295, 8487, 8989, 9182, 9951]
24 [360, 436, 632, 727, 1242, 1583, 1770, 1865, 2297, 3612, 3651, 4009, 4924, 5615, 6439, 6676, 6931, 7639, 8372, 8750, 9077, 9641, 9700, 9988]
30 [76, 480, 944, 1446, 1822, 2133, 2574, 3114, 3547, 3812, 4038, 4140, 4189, 4637, 4889, 6499, 6989, 7108, 7228, 7277, 7582, 7631, 8324, 8471, 8753, 8770, 8890, 9374, 9661, 9945]
26 [206, 470, 660, 1037, 1437, 2061, 2852, 3099, 3183, 4362, 4470, 5311, 5568, 5765, 6461, 6560, 6683, 6993, 7285, 7690, 7910, 8219, 8642, 8779, 8963, 9005]
18 [274, 285, 342, 2264, 2496, 3225, 3693, 3842, 4733, 5929, 5992, 6653, 7415, 7448, 8768, 9547, 9635, 9806]
23 [51, 159, 1326, 1375, 1641, 2330, 3283, 3301, 3584, 3638, 4598, 5117, 5202, 6029, 6762, 7173, 7287, 7378, 7554, 7666, 7789, 9195, 9782]
23 [1595, 2229, 2717, 3274, 3336, 3340, 3806, 4389, 4684, 5771, 6251, 6448, 6619, 6907, 7025, 8053, 8161, 8354, 8525, 8743, 9063, 9471, 9500]
30 [294, 368, 449, 1616, 2858, 2927, 3464, 3556, 3836, 4146, 4152, 4762, 5100, 5326, 5601, 6009, 6268, 6598, 6821, 7718, 7816, 8100, 8478, 8539, 8976, 9007, 9052, 9166, 9515, 9717]
27 [9, 304, 520, 1605, 2107, 2195, 2697, 3370, 3496, 3855, 4101, 4923, 5101, 5127, 5138, 5433, 5596, 6167, 6379, 6728, 7510, 7615, 7742, 8148, 8309, 9563, 9983]
28 [16, 157, 249, 722, 1312, 1332, 1662, 2356, 2754, 3311, 3555, 4559, 5155, 5480, 5553, 5949, 5961, 6137, 6322, 6415, 6758, 7607, 8135, 8556, 8758, 9256, 9257, 9347]
27 [14, 427, 782, 824, 1125, 1221, 1293, 1858, 2955, 3188, 3670, 3771, 4002, 4739, 4986, 5411, 6076, 6154, 6320, 6666, 6861, 7700, 8064, 8965, 9343, 9675, 9903]
32 [501, 1547, 2174, 3363, 3485, 3532, 3595, 3919, 3920, 3971, 4023, 4173, 4230, 4557, 4573, 4699, 4796, 4971, 4974, 5453, 5576, 5842, 6872, 7331, 7953, 8076, 8364, 8738, 8977, 9053, 9237, 9686]
25 [129, 171, 614, 768, 1357, 1433, 1666, 1915, 1949, 2336, 2395, 2527, 3090, 3606, 4978, 5414, 6157, 6687, 6983, 7077, 7381, 7622, 7755, 8375, 9904]
19 [186, 529, 945, 1690, 1694, 2029, 4302, 4779, 4950, 5541, 5758, 5847, 5913, 6363, 7168, 8623, 8722, 8777, 9666]
19 [296, 888, 976, 1154, 1441, 3471, 4316, 4459, 4807, 5360, 5542, 7543, 8051, 8195, 8387, 8664, 8946, 8993, 9568]
27 [417, 467, 1070, 1499, 1898, 2043, 2169, 2180, 2288, 2452, 2614, 2767, 2781, 3549, 4090, 4443, 4868, 5279, 5518, 5785, 5976, 7529, 7975, 7998, 8157, 8182, 9532]
27 [230, 676, 791, 825, 938, 1869, 2836, 3296, 3393, 4178, 4340, 4514, 5001, 6025, 6397, 6562, 7372, 7598, 7627, 7811, 8017, 8589, 9000, 9068, 9102, 9722, 9753]
36 [276, 281, 490, 873, 877, 887, 1590, 1653, 1667, 1756, 1990, 2531, 2771, 2868, 2942, 4161, 4349, 4639, 4912, 5391, 5872, 6660, 6688, 6842, 7024, 7237, 7564, 7664, 7758, 8268, 8651, 8926, 9015, 9204, 9693, 9949]
26 [317, 662, 790, 1235, 1763, 2462, 2504, 2645, 2652, 2659, 3615, 4311, 4383, 4783, 5258, 5454, 5630, 5657, 5759, 5900, 6054, 6471, 6901, 7571, 7898, 8287]
29 [210, 235, 265, 401, 440, 734, 754, 854, 1669, 1992, 2128, 2606, 2705, 2985, 3268, 4212, 4775, 5124, 5631, 5867, 6399, 7210, 7255, 7405, 8110, 8773, 8822, 9185, 9332]
21 [558, 871, 1150, 1381, 1401, 2168, 2183, 2546, 3813, 4243, 5190, 5529, 6203, 6838, 6964, 7890, 8103, 9504, 9640, 9776, 9887]
28 [1208, 1407, 1800, 2025, 2635, 2640, 2650, 2919, 3185, 3528, 4271, 5747, 5826, 6319, 6428, 6546, 6837, 6970, 7689, 7692, 7923, 8420, 8945, 8957, 9176, 9214, 9228, 9786]
26 [164, 183, 534, 847, 2413, 2492, 2972, 3265, 3613, 4283, 4956, 5982, 6067, 6100, 7170, 7334, 7425, 7705, 7808, 8435, 8787, 8790, 8834, 9107, 9402, 9629]
32 [37, 50, 442, 796, 1202, 1415, 1740, 1991, 2198, 2310, 2559, 3513, 3780, 4186, 4728, 4993, 4999, 5434, 5537, 6356, 7036, 7192, 7602, 7650, 7817, 7954, 8012, 8139, 8406, 9093, 9383, 9962]
28 [247, 533, 766, 1549, 1899, 2585, 3290, 3725, 3788, 4315, 4530, 4558, 5012, 6164, 6426, 7050, 7366, 7396, 7630, 7987, 8018, 8348, 8555, 8780, 8826, 9431, 9542, 9842]
16 [59, 349, 1215, 1285, 2473, 3316, 3593, 3897, 4325, 5290, 5558, 7039, 7136, 7212, 7450, 9004]
21 [300, 926, 987, 1110, 1173, 1389, 1447, 1529, 1678, 2745, 4055, 4203, 4989, 5033, 5043, 5163, 6732, 8004, 8703, 9519, 9973]
19 [41, 48, 84, 1473, 2362, 3273, 3377, 3551, 3740, 3966, 4049, 5583, 5880, 6867, 6935, 7247, 8549, 9082, 9584]
25 [184, 507, 1762, 1801, 2040, 2254, 2624, 2796, 3749, 4797, 4875, 4953, 5609, 5736, 6528, 7272, 7311, 7432, 7840, 8159, 8607, 8672, 9196, 9516, 9929]
20 [207, 537, 963, 2060, 2324, 2608, 2901, 3397, 3569, 3625, 4199, 4608, 5387, 5410, 5860, 6108, 6168, 6441, 6685, 8310]
25 [990, 1115, 1209, 1393, 1486, 2045, 2453, 2688, 3402, 3519, 3961, 4772, 5218, 5304, 5986, 6254, 6300, 7248, 8370, 8480, 9348, 9464, 9496, 9612, 9986]
32 [187, 708, 748, 952, 1296, 1311, 1320, 2704, 2937, 3025, 3234, 3418, 4364, 4554, 4782, 4944, 4988, 5225, 5257, 5966, 6483, 6637, 7304, 8071, 8171, 8178, 8499, 8886, 9266, 9392, 9436, 9617]
23 [95, 329, 356, 1071, 1231, 2533, 3282, 3682, 4259, 4792, 5070, 6341, 6612, 6679, 6753, 6824, 6960, 7549, 7962, 8821, 9705, 9829, 9866]
33 [149, 577, 935, 1165, 1853, 2309, 2319, 2484, 2762, 2997, 3143, 4290, 4391, 5040, 5080, 5722, 5742, 5825, 6169, 6250, 6692, 6897, 7114, 7428, 7832, 7865, 7938, 8105, 8202, 8903, 9672, 9955, 9980]
20 [665, 1193, 1569, 1811, 2338, 2877, 3835, 4108, 5280, 5680, 5814, 5878, 6103, 6109, 6790, 7109, 8248, 8681, 8709, 9359]
26 [54, 90, 1352, 1449, 1848, 2703, 3226, 3237, 3599, 3892, 4298, 4373, 4415, 5068, 5133, 5693, 6324, 6388, 6413, 6839, 6923, 7188, 9014, 9303, 9513, 9691]
23 [110, 254, 325, 358, 834, 843, 1497, 1651, 2100, 2347, 2701, 2998, 4239, 4345, 4347, 4454, 5121, 5796, 6014, 6827, 7232, 8908, 9987]
23 [1485, 2386, 3149, 3617, 4106, 4205, 4652, 5215, 5999, 7095, 7870, 7913, 8198, 8351, 8457, 8479, 8517, 8781, 9009, 9071, 9110, 9841, 9926]
21 [291, 536, 774, 1217, 1645, 2021, 2342, 2450, 2478, 2742, 2802, 3712, 3988, 4523, 7124, 7320, 7518, 7642, 8572, 8960, 9057]
29 [233, 599, 607, 648, 904, 1599, 2977, 3145, 3161, 3499, 3620, 3900, 4399, 4773, 4829, 5248, 5288, 5779, 6156, 6550, 6651, 6700, 7322, 7625, 8955, 9140, 9159, 9742, 9882]
29 [155, 292, 557, 896, 1604, 1664, 2026, 2545, 2726, 3136, 3512, 3667, 3863, 4019, 4565, 4970, 5252, 5738, 5789, 5883, 6216, 7184, 8469, 8648, 8809, 8933, 9442, 9463, 9844]
30 [70, 861, 1345, 1466, 1634, 2132, 2327, 3030, 3064, 3223, 3242, 3392, 3594, 4336, 4434, 4695, 5205, 5235, 5259, 5996, 6082, 6165, 6759, 7451, 7709, 9211, 9295, 9472, 9543, 9708]
16 [2350, 2570, 2668, 4276, 4428, 4440, 4616, 4930, 5079, 5295, 6375, 6985, 7574, 9424, 9555, 9772]
21 [493, 983, 1077, 1182, 1408, 2833, 3042, 3952, 4119, 4134, 4187, 4252, 4427, 5643, 6185, 6205, 7559, 8006, 8249, 8498, 9281]
28 [297, 892, 1301, 1431, 1515, 1774, 2176, 2676, 2866, 3172, 3562, 4627, 4899, 5139, 5377, 5580, 5816, 6601, 6640, 6702, 7562, 7814, 8954, 9039, 9118, 9304, 9582, 9616]
27 [618, 1045, 1414, 1841, 2572, 2747, 3069, 3676, 4162, 4425, 4697, 5530, 5569, 5644, 6234, 6312, 6729, 6748, 7101, 7424, 7887, 7966, 8027, 8072, 8273, 8732, 8845]
31 [1, 805, 1244, 1268, 1982, 2974, 3494, 3906, 4339, 4351, 4467, 4625, 4690, 4770, 4925, 5057, 5208, 5889, 6527, 6544, 6699, 6982, 7294, 7721, 8125, 8808, 8841, 8970, 9249, 9397, 9663]
32 [337, 471, 574, 845, 988, 1089, 1584, 1718, 2440, 2580, 2988, 3174, 3205, 3405, 3565, 3704, 4536, 4683, 4922, 5271, 5654, 5690, 6255, 6469, 6508, 7280, 7471, 8316, 8914, 9147, 9247, 9964]
19 [137, 355, 645, 806, 1335, 1398, 1709, 1972, 2724, 3108, 3245, 4071, 4237, 5549, 5838, 6365, 7359, 8791, 9358]
29 [40, 161, 428, 1256, 1758, 2383, 2520, 2595, 4376, 4451, 4844, 4928, 5192, 5221, 5289, 5490, 5925, 6012, 6385, 6774, 7348, 7412, 7545, 7654, 7973, 8102, 9203, 9323, 9638]
25 [132, 723, 810, 908, 1683, 1698, 2424, 2622, 2648, 3774, 4064, 4222, 4402, 4462, 5054, 5134, 6124, 6965, 7643, 7731, 8062, 8872, 9149, 9273, 9283]
24 [87, 1152, 1253, 1410, 2409, 2616, 2722, 3411, 3439, 3710, 4480, 4689, 4972, 5312, 5606, 5995, 6155, 7216, 7851, 9267, 9744, 9779, 9875, 9938]
26 [52, 483, 984, 1386, 1554, 1644, 1860, 2004, 2082, 2173, 2499, 2524, 2921, 2926, 3473, 3713, 3840, 4599, 4615, 4706, 5502, 6036, 6608, 7053, 8158, 9579]
30 [819, 1072, 1090, 1263, 2006, 2139, 2801, 2824, 3091, 3146, 3419, 3772, 4105, 4296, 4574, 4847, 5105, 5210, 5298, 5666, 5793, 6092, 6457, 6538, 6590, 7732, 7738, 8696, 9284, 9289]
26 [31, 191, 804, 1163, 1178, 1577, 2758, 3351, 3497, 4535, 4619, 4670, 4738, 4777, 5118, 5126, 6004, 6072, 6115, 6121, 6200, 6423, 7296, 8726, 9079, 9606]
30 [25, 238, 331, 675, 680, 1028, 1282, 1516, 1679, 2000, 2181, 2477, 3116, 3608, 4024, 4648, 5045, 5671, 6172, 6174, 6645, 6751, 7585, 7978, 8553, 8633, 8650, 9506, 9716, 9759]
27 [100, 130, 180, 320, 433, 763, 1783, 2599, 2962, 3769, 3858, 4120, 4742, 5685, 5815, 6556, 6899, 6988, 7016, 7243, 8024, 8449, 8476, 8730, 8837, 9706, 9867]
21 [1733, 1862, 2028, 2076, 2099, 2423, 2943, 2986, 3109, 3352, 4861, 4870, 5031, 5309, 5621, 6932, 7267, 7488, 7611, 8998, 9370]
25 [309, 765, 778, 779, 848, 858, 995, 1355, 1448, 1546, 1610, 2718, 2953, 3317, 4700, 4911, 5089, 5946, 5971, 7034, 8587, 8842, 9550, 9581, 9757]
18 [567, 747, 1872, 2093, 2446, 3024, 3498, 3622, 3980, 4050, 5084, 6520, 7678, 8035, 8090, 9012, 9227, 9276]
37 [366, 548, 1051, 1213, 1222, 1319, 1451, 1714, 1845, 1929, 2127, 2277, 2480, 2582, 2956, 3655, 3784, 3819, 3821, 4003, 4501, 5563, 5620, 5730, 5852, 6136, 6366, 6664, 6800, 7056, 7128, 7558, 7715, 8081, 8772, 9089, 9280]
26 [49, 454, 1384, 2031, 2686, 2710, 3026, 3356, 3436, 3476, 4255, 4566, 4623, 4640, 4831, 4855, 5180, 5256, 5318, 5997, 6698, 6938, 7462, 7507, 9172, 9777]
24 [597, 1362, 1576, 2618, 2914, 4208, 4820, 4987, 5041, 5522, 5977, 6139, 6220, 7301, 7482, 7925, 7926, 8070, 8092, 8308, 8400, 9595, 9710, 9810]
28 [644, 690, 814, 1423, 1465, 1892, 2194, 3288, 3848, 4006, 4671, 5013, 5285, 5444, 5617, 5921, 5988, 6079, 6334, 6703, 6849, 7460, 8063, 8209, 8243, 8678, 9051, 9187]
24 [284, 767, 1455, 1704, 2188, 2695, 2719, 3168, 3224, 3487, 3815, 4282, 4363, 5340, 5442, 5808, 5951, 5954, 7194, 7434, 8402, 9061, 9816, 9981]
25 [178, 1571, 1652, 2121, 2689, 2790, 3404, 3692, 3714, 3805, 3960, 4884, 5015, 5286, 5437, 5511, 5895, 6256, 6351, 6438, 6974, 8488, 9250, 9288, 9372]
24 [113, 448, 760, 852, 1626, 3170, 3213, 3246, 3305, 4044, 4307, 4410, 4420, 4907, 5266, 6493, 6791, 7324, 7785, 7991, 8116, 8870, 8980, 9720]
26 [47, 379, 725, 872, 1169, 1498, 1728, 2313, 2589, 2794, 3045, 3180, 4457, 4781, 5055, 5174, 5732, 6968, 8141, 8411, 8534, 8784, 8935, 9136, 9219, 9592]
26 [445, 720, 811, 1035, 1555, 1887, 2757, 2895, 3602, 4110, 4494, 4687, 5641, 5674, 5763, 7355, 7768, 8039, 8129, 8189, 8455, 8979, 9062, 9388, 9768, 9878]
25 [58, 464, 1062, 2177, 2463, 2693, 2740, 2883, 3070, 3092, 3758, 4057, 4251, 4591, 4714, 4745, 5908, 6979, 7387, 7422, 7426, 9207, 9244, 9953, 9972]
20 [167, 893, 1172, 1755, 2024, 3020, 3720, 3893, 4060, 4692, 4720, 5836, 6708, 6957, 8875, 8878, 9645, 9674, 9862, 9954]
29 [158, 580, 946, 956, 1185, 2430, 2899, 4278, 4355, 4484, 4774, 6089, 6201, 6411, 6606, 6624, 6784, 6941, 7075, 8167, 8206, 8369, 8608, 8701, 8713, 8735, 9230, 9560, 9832]
24 [74, 517, 678, 844, 864, 1258, 1343, 1985, 2292, 2436, 3680, 3930, 4033, 4176, 5178, 5418, 5526, 6496, 6633, 7196, 7370, 8042, 8729, 9059]
15 [603, 865, 1139, 1780, 1923, 2209, 3130, 4224, 4256, 6632, 7358, 7633, 9192, 9498, 9892]
19 [243, 565, 2240, 3366, 3881, 4412, 4725, 5063, 5419, 5772, 5859, 6135, 6650, 7135, 7371, 8319, 8680, 9092, 9919]
28 [257, 1504, 1632, 1902, 2147, 2272, 2377, 2995, 3124, 3492, 4032, 4156, 4489, 5129, 5341, 5385, 6132, 6735, 6786, 7038, 7297, 8060, 8176, 8392, 8434, 9236, 9299, 9476]
20 [160, 429, 460, 673, 700, 919, 1457, 3160, 3400, 3991, 4935, 5944, 6021, 6323, 7651, 8144, 8614, 9680, 9689, 9760]
23 [99, 526, 831, 1101, 1197, 1238, 2153, 2525, 2979, 4509, 4851, 5560, 5864, 6886, 7509, 7838, 8080, 8225, 8910, 8922, 9027, 9206, 9770]
27 [250, 409, 783, 1262, 1427, 2285, 2479, 3023, 3184, 3194, 3349, 3689, 3790, 4206, 5390, 5571, 6378, 6577, 7300, 7638, 7759, 7822, 8252, 8661, 8671, 9350, 9977]
17 [142, 393, 695, 2115, 2709, 3798, 4333, 5356, 5388, 5731, 6020, 6075, 6754, 7144, 7798, 8000, 9719]
26 [169, 377, 813, 1029, 2353, 3047, 3761, 3909, 3955, 4123, 4488, 5024, 5520, 5710, 6370, 7205, 7594, 7683, 7843, 8015, 8173, 8535, 8588, 8783, 9229, 9243]
29 [106, 248, 419, 457, 1351, 1675, 1765, 2078, 2670, 2940, 3100, 3252, 3770, 3865, 4088, 4213, 4400, 4874, 4882, 5200, 5372, 5709, 6782, 7757, 8138, 8238, 8417, 9525, 9750]
32 [228, 443, 551, 1113, 1138, 1297, 1403, 1481, 1747, 2192, 2699, 2748, 3050, 3427, 3444, 3634, 3888, 3937, 4192, 4267, 5261, 5652, 5775, 5791, 5821, 5896, 7130, 7421, 7885, 8799, 9088, 9422]
17 [587, 897, 1997, 3027, 4068, 4132, 4334, 5364, 6525, 6542, 6719, 7332, 7971, 8597, 9209, 9631, 9738]
34 [165, 544, 554, 2142, 2632, 2822, 2908, 3016, 3244, 3280, 3350, 3376, 3456, 3962, 4159, 4218, 4721, 4816, 4982, 5159, 5517, 5616, 5770, 5795, 6877, 7182, 7239, 7597, 7750, 8948, 9337, 9406, 9734, 9813]
20 [546, 750, 1342, 2063, 2202, 2433, 2459, 2951, 3006, 4375, 4701, 5348, 5594, 5777, 7346, 7452, 8032, 8329, 8909, 9598]
20 [67, 1558, 1591, 1760, 2677, 2682, 3611, 4153, 5212, 5466, 6119, 6144, 7902, 7930, 8527, 8873, 8944, 9223, 9378, 9997]
23 [172, 431, 787, 802, 1532, 3592, 3943, 4201, 4223, 4299, 4992, 5376, 6724, 6850, 6882, 7175, 7524, 7547, 7579, 8328, 8712, 9146, 9557]
22 [23, 816, 1032, 1510, 1512, 1879, 2023, 2596, 2779, 3173, 3699, 4388, 5922, 5969, 6359, 6484, 7119, 7214, 7469, 7696, 8536, 9010]
39 [133, 259, 327, 340, 594, 1251, 1581, 1663, 2027, 2763, 3286, 3694, 3824, 4401, 4492, 4845, 5048, 5628, 5687, 6492, 6674, 6776, 6794, 7021, 7123, 7225, 7548, 7566, 8044, 8091, 8134, 8286, 8796, 8896, 9158, 9282, 9365, 9836, 9952]
31 [15, 241, 640, 784, 968, 1266, 1405, 1564, 1839, 1863, 2084, 2108, 2179, 2902, 3284, 3335, 3705, 5032, 5125, 5144, 5499, 6037, 6656, 6730, 7380, 7423, 7508, 7745, 8501, 9117, 9238]
23 [240, 881, 1043, 1421, 1523, 1630, 1789, 3860, 4390, 4526, 5203, 5310, 6062, 6642, 6888, 6997, 7427, 7944, 8529, 8630, 8644, 8683, 9368]
21 [112, 856, 1594, 2651, 2834, 3122, 3126, 3235, 3975, 4131, 4521, 5081, 6876, 7401, 7786, 8303, 8442, 8538, 8710, 9075, 9389]
20 [416, 446, 1174, 1672, 2328, 2497, 2623, 3624, 3747, 4138, 4934, 4961, 5021, 5109, 7026, 7613, 7701, 8836, 9254, 9578]
21 [1588, 1813, 2680, 3389, 3431, 3646, 4126, 4628, 4866, 5761, 6162, 6599, 7057, 7081, 7592, 7624, 7858, 8190, 9151, 9653, 9814]
23 [313, 354, 1303, 1356, 2077, 3062, 3140, 3459, 3479, 3891, 3995, 4895, 5191, 5263, 5663, 5958, 5975, 6517, 8332, 8533, 8912, 9624, 9817]
34 [516, 595, 928, 977, 1104, 1111, 1247, 1395, 1603, 1624, 1808, 1917, 1998, 2964, 3756, 3831, 3938, 4858, 4998, 6147, 6667, 6763, 6787, 6910, 7165, 7229, 7262, 8276, 8674, 8706, 8828, 8839, 9138, 9583]
17 [204, 1541, 1796, 2382, 2467, 2594, 3165, 3581, 3915, 4377, 5661, 6196, 6500, 8271, 8561, 9481, 9999]
25 [288, 2325, 2700, 3038, 3084, 3382, 3587, 3778, 4171, 4645, 4913, 5430, 5505, 5595, 5668, 5833, 6259, 6912, 7224, 7354, 7580, 8578, 8724, 9512, 9546]
37 [115, 211, 333, 386, 466, 549, 1093, 1291, 1921, 2213, 2274, 2365, 2777, 2897, 3201, 3737, 4194, 4511, 5061, 5590, 5612, 5669, 6273, 6869, 6885, 7155, 7536, 7952, 8599, 8865, 9268, 9526, 9649, 9656, 9690, 9774, 9860]
24 [80, 362, 590, 1121, 1480, 1884, 2140, 3054, 3248, 3289, 4046, 4461, 4545, 4646, 5778, 5813, 5923, 6110, 6129, 7292, 7999, 8361, 9501, 9894]
31 [189, 693, 1177, 2184, 3128, 3178, 3258, 3677, 3702, 4127, 4562, 4579, 5358, 5565, 5572, 6150, 6270, 7032, 7129, 7219, 7466, 7770, 7883, 7935, 8453, 8604, 8660, 8907, 8990, 9495, 9941]
24 [1412, 1757, 1776, 2117, 3345, 3433, 4041, 4348, 4485, 4658, 4672, 5602, 6057, 6502, 6583, 7281, 7504, 8052, 8089, 9073, 9387, 9636, 9725, 9871]
36 [36, 116, 246, 267, 1010, 1260, 2960, 3000, 3361, 3566, 3856, 4040, 4147, 4653, 4709, 4719, 4793, 5136, 5260, 5535, 6186, 6494, 6799, 7377, 7620, 7655, 7845, 7911, 7955, 8011, 8216, 8337, 9274, 9658, 9812, 9928]
21 [97, 141, 576, 1543, 1659, 3028, 3387, 4112, 4150, 4273, 4852, 5107, 5582, 5893, 6261, 7186, 7871, 8376, 9265, 9455, 9787]
16 [869, 1420, 2058, 2230, 2502, 3830, 3985, 4149, 4179, 6096, 6183, 7861, 8115, 8142, 8855, 9559]
29 [350, 876, 1105, 1723, 1890, 2047, 2544, 2712, 3530, 3994, 4169, 4183, 4611, 4825, 4836, 4931, 5370, 6045, 6480, 6892, 7465, 7612, 8066, 8307, 8849, 9637, 9766, 9883, 9884]
29 [55, 538, 1374, 2515, 2764, 3014, 3049, 3163, 3417, 3488, 4417, 4540, 5321, 5428, 5926, 6173, 6600, 6693, 7417, 7901, 8047, 8156, 8294, 8429, 8714, 8829, 9296, 9736, 9831]
18 [425, 510, 677, 1020, 1557, 1876, 1937, 2145, 3516, 3674, 4073, 5152, 5972, 7115, 8220, 9178, 9435, 9556]
31 [128, 140, 553, 1460, 1572, 1900, 1930, 2251, 2609, 3176, 3269, 3685, 3703, 4047, 4518, 4520, 4883, 4887, 5587, 6265, 6490, 7339, 7440, 7583, 7672, 7990, 8002, 9310, 9398, 9553, 9935]
26 [0, 736, 2263, 2312, 3179, 3360, 3733, 3775, 4272, 4581, 4727, 5386, 6187, 6636, 6870, 7199, 7268, 8098, 8242, 8574, 8848, 9600, 9630, 9773, 9907, 9982]
25 [1050, 1617, 2092, 2415, 3004, 3021, 3071, 3303, 3365, 3639, 4118, 4588, 4722, 4873, 5546, 5898, 6175, 6317, 6343, 7673, 8137, 8915, 8968, 9060, 9352]
26 [323, 966, 1628, 1668, 1815, 2401, 2565, 3076, 3326, 3367, 5400, 5766, 6123, 6456, 6477, 6563, 6663, 7092, 7368, 7400, 8566, 8610, 8818, 9162, 9231, 9984]
27 [365, 1385, 1955, 1958, 2017, 2694, 2879, 3472, 3656, 4074, 4609, 4703, 4780, 4789, 5317, 5367, 6032, 6055, 6161, 6386, 6958, 7541, 7880, 7894, 8149, 9240, 9409]
17 [628, 689, 826, 1340, 1924, 2033, 2381, 4965, 5633, 5656, 5933, 6898, 7526, 7769, 8653, 8789, 9534]
31 [236, 458, 499, 985, 1832, 2065, 2357, 2491, 3493, 4448, 4477, 4765, 5335, 5824, 5998, 6257, 6540, 6975, 7087, 7164, 7499, 7760, 7958, 8734, 8923, 9090, 9321, 9375, 9393, 9420, 9991]
22 [229, 746, 849, 1464, 1957, 2221, 2737, 2791, 2978, 3406, 3834, 4813, 5254, 6077, 7052, 7142, 7398, 7476, 8342, 8679, 9384, 9854]
20 [176, 633, 730, 1224, 1323, 1470, 1821, 2003, 2007, 2536, 2982, 3346, 4596, 5823, 6516, 6848, 6961, 7514, 9034, 9285]
21 [671, 884, 2113, 2172, 2212, 3018, 3571, 4117, 4370, 5903, 5968, 6090, 6551, 6694, 7054, 7213, 8074, 8415, 8659, 8902, 9170]
25 [396, 1056, 1321, 1656, 1686, 1878, 1994, 2224, 3347, 3557, 3583, 3649, 4010, 5003, 5181, 5231, 5729, 5886, 6301, 6491, 8127, 8523, 8548, 8823, 8973]
30 [108, 338, 369, 372, 1318, 1812, 1836, 2148, 2256, 2318, 2320, 2887, 2920, 3251, 3696, 4005, 4228, 4280, 4678, 5648, 6828, 6954, 6966, 7157, 7308, 7447, 7520, 7730, 8766, 8937]
30 [867, 1302, 1519, 1746, 1817, 2343, 2842, 3200, 3524, 3690, 3754, 4433, 4656, 5153, 5222, 5459, 5708, 5871, 6408, 6511, 6929, 7009, 7148, 7263, 7340, 7791, 8278, 8541, 9150, 9800]
23 [200, 412, 721, 1149, 1360, 1444, 2698, 2730, 2732, 3036, 3203, 3420, 3833, 3968, 4229, 4426, 5472, 5699, 6781, 7385, 8543, 9307, 9518]
31 [147, 271, 324, 918, 1106, 1735, 2005, 2378, 3354, 3635, 3763, 4984, 5408, 5547, 5649, 6226, 6242, 6442, 6446, 7561, 7684, 7735, 7872, 8118, 8388, 8546, 8571, 9095, 9164, 9412, 9444]
21 [24, 319, 837, 1116, 2052, 2348, 3017, 3358, 3724, 3871, 4231, 4537, 4600, 6354, 6858, 7015, 7556, 7787, 8352, 8483, 8737]
25 [899, 1478, 1528, 1552, 1708, 1807, 1901, 1971, 2252, 2380, 3009, 3907, 4490, 4613, 4957, 4968, 5229, 5797, 5916, 6088, 7252, 8306, 8636, 8850, 9963]
29 [775, 1074, 1168, 1503, 1842, 1874, 1885, 2157, 2219, 2803, 3137, 4097, 5020, 5330, 5412, 5739, 6362, 6806, 6840, 6875, 7046, 7259, 7970, 8576, 8624, 8889, 9369, 9679, 9809]
28 [146, 152, 411, 1978, 2074, 2284, 2578, 3261, 3568, 3616, 3654, 4287, 4702, 5075, 5369, 5426, 5497, 6138, 6210, 6468, 6641, 7062, 7066, 7800, 8465, 8668, 8856, 9134]
29 [287, 359, 495, 1133, 1229, 1259, 1484, 2222, 2904, 3480, 3791, 4357, 4528, 4804, 4901, 4917, 5276, 5316, 5665, 5993, 5994, 7065, 7317, 7570, 7676, 8177, 8183, 9362, 9848]
24 [371, 2137, 2149, 2893, 3019, 3032, 3167, 3631, 3641, 4170, 5247, 5566, 5573, 5626, 6410, 6999, 7522, 7834, 8477, 9338, 9548, 9575, 9788, 9891]
20 [193, 303, 2223, 2716, 2912, 2971, 3827, 5141, 5402, 5447, 5809, 6421, 6895, 6930, 7724, 7773, 7794, 8036, 8314, 9242]
21 [268, 643, 903, 1823, 1844, 2379, 2465, 2534, 2664, 3435, 4014, 4181, 4676, 6024, 6107, 6455, 6783, 6936, 7860, 9367, 9664]
19 [66, 958, 1716, 1744, 1942, 3849, 4552, 5104, 5510, 5724, 6070, 6181, 6833, 7138, 7197, 7223, 7395, 8396, 8641]
10 [2155, 2162, 2483, 2785, 4136, 7264, 8146, 8863, 9294, 9461]
25 [26, 32, 432, 481, 486, 1006, 1919, 2631, 3275, 3321, 3463, 3508, 3750, 4361, 5540, 6639, 7897, 8229, 8613, 8800, 9085, 9445, 9480, 9485, 9552]
20 [1156, 2227, 2421, 3403, 3939, 5182, 5282, 5662, 5734, 5955, 5981, 7203, 7640, 7675, 8128, 8427, 8472, 8562, 9657, 9702]
23 [119, 344, 519, 664, 739, 2090, 2206, 2611, 2734, 2782, 2844, 3055, 3504, 3637, 3885, 4175, 4227, 4294, 8262, 8474, 9225, 9232, 9899]
26 [71, 201, 223, 404, 1392, 2103, 2116, 2243, 2262, 2493, 3578, 3722, 4151, 4220, 4368, 5123, 5128, 5177, 5264, 6896, 7250, 7663, 7963, 8731, 9623, 9826]
36 [89, 890, 1117, 1187, 2143, 2875, 2961, 3078, 3159, 4257, 4356, 4541, 5150, 5342, 5371, 5421, 5638, 6603, 6665, 6815, 6832, 6944, 6986, 7626, 7793, 7825, 7933, 8224, 8261, 8390, 8550, 8786, 8879, 9363, 9580, 9781]
28 [461, 684, 1305, 1833, 2372, 2404, 2466, 2507, 2789, 2906, 4303, 4314, 4585, 4713, 5187, 5243, 5822, 6112, 6284, 6412, 7110, 7132, 7180, 7260, 8297, 8355, 9371, 9789]
30 [61, 175, 462, 724, 1091, 1265, 1279, 1932, 2178, 2201, 2721, 3271, 3886, 4572, 4828, 4932, 5115, 5423, 5578, 5660, 5704, 6091, 6239, 6602, 8154, 8181, 8274, 8592, 8760, 9054]
25 [72, 1520, 2792, 3701, 3731, 4197, 4306, 4332, 4633, 4910, 5627, 5726, 6039, 6372, 6485, 6585, 7937, 8034, 8208, 8269, 8414, 8601, 8666, 9475, 9494]
22 [64, 77, 162, 1373, 1514, 1814, 1952, 2850, 3169, 3196, 3559, 4029, 4030, 4761, 4909, 5112, 5186, 6655, 6657, 7047, 7691, 8728]
27 [174, 696, 732, 761, 781, 828, 1275, 1875, 2020, 2268, 2495, 2498, 2661, 3339, 4275, 4330, 4586, 5293, 6030, 6736, 7147, 7523, 8456, 8795, 9083, 9097, 9939]
30 [636, 1368, 1707, 2265, 2364, 2539, 2952, 3007, 3106, 3154, 3300, 3789, 5807, 5932, 6044, 6064, 6449, 6933, 7207, 7605, 7677, 7824, 8493, 8565, 8898, 9523, 9647, 9695, 9889, 9959]
17 [102, 453, 745, 1003, 1328, 1614, 2445, 2535, 3633, 4007, 4392, 4966, 5744, 7027, 7191, 9540, 9900]
22 [384, 629, 1438, 1983, 2403, 2448, 2489, 3107, 3299, 3391, 4394, 4732, 4865, 5017, 6031, 6543, 6722, 7964, 8385, 8519, 9105, 9339]
21 [312, 726, 751, 933, 1399, 1474, 1681, 1724, 2736, 2743, 3876, 3942, 4028, 4694, 5038, 6299, 7080, 8531, 8803, 9524, 9576]
29 [279, 322, 381, 2208, 2241, 2308, 3501, 3665, 3839, 3935, 4301, 5111, 5528, 5548, 6105, 6289, 6307, 6541, 6553, 7479, 7667, 7766, 7831, 7846, 8201, 8380, 8579, 8708, 9221]
28 [339, 917, 994, 1674, 2691, 2720, 2806, 4253, 4254, 4423, 4592, 4862, 4876, 4908, 5161, 5346, 6035, 6231, 7017, 7493, 7590, 7698, 7986, 8193, 9433, 9618, 9723, 9989]
29 [39, 269, 788, 1261, 1372, 2081, 2329, 2804, 2989, 3281, 3368, 3428, 3570, 3653, 3922, 4655, 4663, 5755, 6130, 6371, 6866, 6887, 7150, 7254, 7577, 7839, 8008, 9113, 9665]
25 [227, 301, 658, 842, 942, 1625, 2010, 2414, 2586, 3388, 3574, 4441, 4891, 6005, 6766, 6908, 7604, 7756, 8318, 8894, 9197, 9293, 9411, 9430, 9873]
25 [120, 1240, 1975, 2120, 2885, 2907, 3395, 3782, 3976, 4048, 4860, 5185, 5350, 5928, 6507, 6737, 7906, 8460, 8547, 8765, 8966, 9315, 9345, 9587, 9795]
18 [835, 909, 2186, 2800, 2923, 3202, 4446, 4542, 5559, 6114, 6857, 7104, 7295, 7542, 8463, 8600, 8689, 9833]
22 [239, 352, 420, 434, 1181, 2825, 2903, 3052, 3410, 4148, 4342, 4737, 5049, 5242, 6034, 6383, 6914, 7185, 7420, 9128, 9391, 9895]
19 [60, 668, 1290, 1551, 1731, 2199, 2851, 3079, 3230, 3684, 4329, 4589, 4666, 5475, 6917, 7621, 7841, 9714, 9803]
21 [573, 1566, 1727, 3719, 4277, 4374, 5332, 5432, 5834, 6454, 6545, 6595, 7279, 7470, 8185, 8214, 8279, 8424, 9530, 9570, 9807]
22 [1160, 1574, 1627, 2237, 2494, 2562, 2768, 3572, 3912, 4350, 4481, 4830, 6086, 7159, 7573, 7693, 8346, 8611, 8843, 8996, 9300, 9626]
16 [332, 3250, 3369, 3523, 3589, 4664, 6266, 6311, 7083, 7345, 7702, 8155, 8321, 9404, 9673, 9925]
28 [738, 795, 1085, 1199, 1419, 1463, 1560, 2233, 2656, 3210, 3974, 4385, 5491, 5914, 5919, 6515, 6733, 6818, 6822, 6962, 7912, 7917, 8422, 8740, 8810, 9006, 9621, 9990]
20 [98, 1098, 1325, 1507, 1966, 2637, 2874, 3214, 4084, 4468, 4497, 5492, 5953, 6081, 6816, 6921, 7512, 7619, 8094, 9870]
24 [776, 1650, 2041, 2346, 2966, 3312, 3854, 4166, 4408, 4734, 5122, 5194, 5245, 5262, 5645, 6303, 6513, 6605, 6643, 6684, 7306, 7391, 8058, 8437]
22 [697, 1057, 1140, 1787, 1797, 1828, 2055, 2144, 3416, 3934, 4061, 4500, 5204, 5473, 5974, 6252, 6450, 7315, 7516, 7560, 8312, 8505]
26 [6, 1179, 1334, 2079, 2170, 3843, 4263, 4837, 5172, 5206, 5853, 6051, 6160, 6377, 6418, 6463, 6937, 7519, 7886, 7943, 7961, 8645, 8654, 8928, 9312, 9482]
19 [885, 937, 1092, 1886, 2946, 3484, 4444, 4512, 4711, 5044, 5552, 5642, 6008, 6879, 7652, 7914, 8399, 9045, 9427]
30 [78, 503, 1036, 1186, 1781, 1888, 2577, 2603, 2828, 2891, 3362, 3440, 3986, 4116, 4584, 5353, 5713, 5805, 6644, 6854, 6943, 7215, 7435, 7739, 8109, 8559, 8586, 8792, 9824, 9902]
18 [190, 691, 753, 850, 3576, 4042, 5145, 5608, 6306, 6414, 6630, 6647, 6820, 8121, 8239, 9262, 9327, 9993]
30 [270, 1563, 1819, 2249, 2275, 2294, 3650, 3818, 3845, 4025, 4167, 4304, 4590, 4803, 4890, 4955, 5197, 5498, 5506, 5831, 6215, 6466, 7335, 8237, 8450, 8590, 8814, 9278, 9483, 9709]
26 [185, 593, 818, 910, 1436, 1700, 2649, 2838, 2853, 3672, 3767, 3776, 5801, 5882, 6073, 6221, 6338, 6579, 6622, 6969, 7403, 7439, 9028, 9179, 9828, 9845]
28 [652, 1063, 1108, 1730, 1920, 2501, 2598, 2617, 2646, 2751, 2882, 3441, 3904, 3910, 4086, 4662, 4756, 5751, 6327, 6432, 6436, 6440, 7140, 7302, 7635, 8643, 8857, 8959]
17 [1934, 2323, 2672, 3255, 3564, 3866, 4769, 5849, 6329, 6417, 7153, 7707, 8145, 8484, 9019, 9160, 9198]
33 [357, 492, 560, 679, 907, 1367, 2246, 2407, 2418, 2772, 3298, 3357, 3661, 3932, 4369, 4453, 4617, 4951, 5148, 5217, 5712, 6170, 6339, 6344, 6825, 7632, 7772, 8136, 8632, 8658, 9020, 9944, 9965]
26 [1136, 1176, 1611, 1739, 2046, 2575, 2639, 2855, 3015, 4051, 4270, 5167, 5651, 6152, 6831, 7068, 7176, 7983, 8638, 8763, 8813, 8986, 9535, 9537, 9650, 9915]
25 [914, 930, 997, 1017, 1409, 1592, 1736, 2049, 2798, 3222, 3659, 4021, 4034, 4534, 5585, 5906, 6143, 6277, 6756, 8114, 8254, 8741, 9100, 9148, 9785]
10 [295, 1916, 2389, 4538, 5384, 5603, 5803, 5827, 8619, 8700]
21 [572, 1273, 1501, 2678, 3083, 3390, 3468, 4185, 5140, 5213, 5532, 5646, 5786, 6462, 7190, 7908, 7967, 8595, 8858, 9022, 9992]
26 [898, 1128, 1522, 1676, 1773, 2068, 2416, 2439, 2876, 3425, 3663, 3723, 3956, 4244, 4556, 5334, 6364, 6865, 7160, 7218, 7706, 7960, 8764, 9423, 9569, 9662]
27 [423, 506, 955, 1162, 1665, 1889, 1967, 2098, 2341, 3193, 3359, 3378, 3688, 4225, 4317, 4516, 4551, 4832, 6495, 7060, 7803, 8405, 8757, 9380, 9456, 9484, 9684]
24 [363, 744, 1344, 1768, 2166, 3453, 3596, 3973, 3978, 4498, 4571, 5065, 5074, 5170, 6065, 6310, 6803, 8056, 8088, 8222, 8257, 8715, 9373, 9707]
20 [38, 111, 728, 1126, 1713, 2131, 3868, 4736, 5373, 5794, 6098, 7249, 7534, 7882, 7993, 8300, 8684, 8782, 9065, 9923]
27 [19, 30, 394, 617, 757, 1180, 1183, 1615, 1682, 1799, 2011, 2359, 2464, 3238, 3371, 3923, 4081, 5241, 6823, 6864, 6902, 7049, 7303, 8083, 8304, 8736, 9830]
22 [1157, 1424, 1568, 1647, 1703, 2130, 2351, 2500, 2547, 2706, 3645, 4698, 4946, 5059, 5382, 5461, 5689, 6125, 6212, 6552, 7298, 9252]
26 [772, 1689, 1802, 2259, 2994, 3757, 3972, 4139, 4359, 5005, 5011, 5092, 5278, 5307, 5404, 6691, 7537, 7595, 7719, 7984, 8407, 8691, 8807, 9413, 9565, 9724]
31 [484, 569, 1993, 2514, 2583, 2739, 3081, 3156, 3232, 3687, 4001, 4979, 5097, 5268, 5292, 5947, 5948, 6056, 6260, 6419, 6478, 7041, 7117, 7669, 8041, 8069, 8259, 8596, 9133, 9510, 9614]
23 [1642, 1722, 1792, 2032, 2217, 3306, 3327, 3458, 4473, 4668, 4751, 4927, 6404, 6597, 6798, 7497, 7610, 7697, 8367, 8443, 8494, 9239, 9432]
22 [478, 1144, 2126, 3002, 3721, 3993, 4295, 5046, 5677, 6578, 6744, 6950, 7048, 7532, 7599, 7853, 8194, 8421, 8919, 9217, 9241, 9917]
24 [395, 1026, 1383, 1999, 2526, 3534, 3598, 3807, 3870, 3913, 4994, 5016, 6068, 6409, 6752, 6871, 7198, 7478, 7780, 8336, 8551, 8719, 9030, 9748]
29 [68, 127, 540, 932, 1031, 1831, 2083, 3048, 3086, 3229, 3285, 3308, 3465, 4264, 4597, 4937, 4942, 5162, 5456, 5985, 6003, 6133, 6178, 6326, 6973, 6996, 7430, 8846, 9503]
21 [81, 96, 780, 1277, 1936, 1970, 3138, 3461, 3561, 5039, 5108, 5169, 5787, 6063, 6198, 7010, 7350, 8663, 8932, 9003, 9385]
26 [561, 584, 611, 1096, 1280, 1316, 1347, 1775, 2002, 2141, 2281, 2889, 2933, 3241, 3529, 4819, 4995, 5004, 5406, 5478, 5584, 5983, 6188, 6906, 7456, 8165]
30 [224, 920, 1771, 1779, 1984, 2018, 2165, 2370, 2555, 2675, 3546, 4039, 4065, 4854, 4885, 5232, 5555, 5800, 6199, 6512, 6669, 7382, 7511, 8285, 8378, 8705, 8884, 8985, 9364, 9849]
27 [347, 497, 840, 1618, 1873, 2528, 2644, 2761, 2917, 3171, 3531, 4164, 4293, 4715, 4741, 5930, 6000, 6503, 6991, 7256, 7376, 7386, 7636, 7761, 8108, 9499, 9799]
21 [1192, 1406, 1606, 1925, 2633, 3478, 4577, 4614, 4920, 5451, 5474, 5978, 6325, 6444, 6920, 7000, 7445, 7550, 7593, 8397, 9995]
26 [659, 853, 902, 1219, 1502, 1950, 2152, 2187, 2610, 2756, 3742, 4165, 4442, 5158, 5328, 5355, 5683, 5773, 6016, 6028, 6153, 6211, 6916, 7797, 8350, 9377]
22 [109, 1025, 1175, 1379, 2135, 2444, 3310, 4395, 5151, 5507, 5990, 6246, 6476, 6565, 7323, 7656, 9441, 9566, 9644, 9712, 9901, 9930]
20 [203, 770, 1450, 2924, 3318, 3379, 3785, 4013, 5246, 5486, 5592, 5818, 7258, 7992, 8265, 8612, 8830, 9036, 9199, 9855]
18 [154, 286, 586, 1397, 1894, 2831, 4313, 4386, 4515, 6113, 7555, 8197, 8530, 8964, 9124, 9205, 9316, 9958]
25 [2429, 2519, 3001, 3059, 3093, 3364, 3810, 4926, 4963, 5009, 5269, 5339, 5588, 5614, 6504, 6661, 7211, 7353, 7828, 7979, 8184, 9137, 9186, 9290, 9741]
26 [328, 771, 874, 1046, 1500, 2070, 2226, 2317, 2684, 2999, 3153, 3209, 4378, 4422, 5238, 5858, 6171, 7116, 7187, 7464, 7806, 8016, 8232, 8353, 9041, 9156]
23 [221, 293, 863, 1530, 2339, 2393, 2553, 2867, 3095, 3197, 4124, 4603, 4632, 5281, 5483, 5959, 6206, 6596, 7073, 7481, 7527, 9507, 9927]
14 [635, 1753, 4604, 4867, 5306, 5924, 6104, 6227, 6369, 7045, 7357, 7891, 9313, 9474]
24 [56, 163, 353, 1264, 1469, 1582, 1637, 1759, 2035, 2510, 2809, 4093, 4482, 4776, 5425, 6017, 7429, 7658, 7728, 7748, 7807, 9152, 9793, 9975]
22 [45, 182, 277, 283, 335, 655, 2231, 2775, 2870, 2890, 4857, 5343, 5839, 6792, 6890, 7390, 7438, 7905, 8272, 8454, 8461, 8518]
25 [563, 616, 808, 851, 1677, 2472, 2749, 3728, 4076, 4082, 4099, 4730, 5010, 5856, 6524, 6631, 7388, 7863, 7948, 8381, 8673, 8793, 9175, 9651, 9815]
29 [156, 1435, 1531, 1542, 1824, 2311, 2896, 3060, 3267, 3683, 3816, 3838, 4012, 4513, 4624, 4767, 5344, 5363, 5393, 5448, 5873, 5942, 6011, 6373, 7089, 7458, 7535, 8532, 8931]
24 [698, 1030, 1075, 1378, 1475, 1847, 2013, 3591, 4723, 5431, 5463, 5655, 5740, 5768, 6812, 7014, 7094, 7553, 8635, 9314, 9379, 9440, 9514, 9735]
23 [125, 647, 1341, 1394, 1883, 2629, 2848, 3277, 3560, 3748, 3953, 4258, 4661, 5000, 5300, 6981, 7461, 8210, 8233, 8433, 8699, 8806, 9950]
18 [83, 803, 993, 1416, 1673, 1849, 2044, 4902, 5283, 5455, 6083, 6531, 6855, 6940, 7042, 8311, 8920, 9728]
24 [35, 624, 653, 692, 823, 1245, 1829, 3247, 3452, 3823, 4460, 4474, 4605, 4981, 6406, 6586, 6891, 7133, 7829, 8410, 8447, 8568, 9671, 9835]
43 [43, 383, 718, 974, 981, 1252, 2119, 2391, 2663, 2958, 3118, 3142, 3164, 3759, 4083, 4284, 4602, 4693, 4835, 4859, 5037, 5237, 5265, 5366, 5719, 5733, 5844, 6214, 6223, 6291, 6431, 6628, 6810, 7078, 7111, 7183, 7575, 8885, 9318, 9460, 9479, 9509, 9940]
16 [213, 475, 2014, 2476, 3936, 4568, 4622, 5267, 5357, 5676, 6425, 7030, 8656, 9586, 9599, 9805]
18 [450, 1483, 1621, 2755, 3240, 3469, 3793, 3809, 3861, 5030, 5449, 5979, 6768, 7892, 8174, 8412, 8723, 9804]
16 [103, 2039, 2475, 3139, 3743, 5327, 5851, 6581, 7106, 7316, 8223, 8315, 8887, 8952, 9497, 9863]
29 [687, 773, 889, 986, 1171, 1927, 1928, 2270, 2786, 2816, 2856, 2913, 2957, 3089, 3822, 4207, 5098, 5720, 5741, 5790, 6711, 7179, 7617, 7836, 7855, 8085, 8403, 8893, 9558]
31 [504, 735, 862, 982, 1471, 1867, 1960, 2118, 2289, 2291, 2628, 2692, 3056, 3080, 3477, 3590, 3947, 4735, 4921, 5504, 5575, 6396, 6690, 7525, 7712, 7854, 8362, 8942, 9064, 9858, 9920]
25 [762, 797, 1540, 2136, 2286, 2460, 2600, 3380, 4561, 4582, 5523, 5721, 5769, 5881, 6567, 6856, 7037, 7103, 7321, 7475, 7754, 8934, 9248, 9622, 9758]
14 [85, 868, 1304, 2293, 2687, 4318, 5589, 5861, 7105, 7788, 8020, 8246, 8591, 9876]
24 [82, 494, 604, 606, 612, 639, 707, 989, 2660, 3422, 4324, 5157, 5427, 5832, 5857, 6118, 6141, 6501, 7446, 7972, 8290, 9328, 9698, 9843]
25 [500, 1094, 1559, 1793, 1951, 2662, 2793, 3088, 3430, 3741, 4232, 4245, 4643, 4704, 5574, 5965, 6232, 6336, 6767, 7805, 8428, 9130, 9652, 9794, 9834]
21 [18, 615, 1086, 1190, 2862, 3573, 3875, 3890, 4465, 4612, 6146, 6194, 7895, 7988, 7995, 8049, 8320, 8785, 8994, 9263, 9752]
31 [237, 1109, 1151, 1980, 2073, 2588, 2647, 2696, 3110, 3236, 3398, 3901, 4247, 4594, 4801, 5175, 5228, 5670, 5957, 7200, 7337, 7704, 8067, 8938, 9161, 9234, 9291, 9324, 9438, 9701, 9914]
21 [282, 669, 964, 1158, 1573, 1639, 2427, 3727, 3867, 4196, 4429, 5223, 5481, 5688, 5806, 6360, 6402, 7158, 7932, 9189, 9922]
25 [712, 815, 820, 859, 1432, 1660, 2276, 2305, 2941, 3383, 3618, 3735, 4471, 5042, 5078, 5275, 5496, 5623, 6697, 7152, 7848, 8379, 8602, 8832, 9309]
26 [168, 400, 729, 1283, 1366, 1838, 1926, 2366, 2841, 3320, 3582, 3623, 4292, 4431, 4766, 5698, 6635, 6718, 7314, 8323, 8725, 8756, 8864, 9181, 9439, 9572]
22 [216, 1963, 2124, 2766, 2954, 3010, 3181, 3272, 3647, 3746, 3899, 4070, 4248, 4929, 5840, 5876, 6548, 7741, 8120, 8439, 9212, 9279]
22 [153, 621, 3057, 3249, 3460, 4096, 4305, 4570, 4696, 5294, 5495, 5909, 6190, 6990, 7084, 7716, 8383, 8497, 8675, 9111, 9395, 9490]
29 [94, 1257, 1445, 1579, 2160, 2374, 3040, 3372, 3451, 3864, 3903, 5240, 5887, 5984, 6052, 6389, 6571, 7005, 7342, 7468, 7877, 8059, 8126, 8489, 8797, 8991, 9049, 9394, 9677]
26 [1132, 1719, 2215, 2823, 3037, 3794, 4144, 4404, 4906, 5077, 5102, 5394, 5782, 6705, 7063, 7166, 7546, 7629, 7813, 7835, 8003, 8939, 9002, 9013, 9184, 9468]
26 [785, 1059, 1933, 2019, 2558, 3195, 3343, 3575, 3630, 3895, 4095, 4249, 4353, 4396, 5303, 5516, 5635, 5673, 5727, 5935, 6475, 7071, 7235, 7670, 8496, 9517]
30 [370, 523, 1338, 1785, 1803, 2829, 2934, 3307, 3734, 4004, 4279, 4416, 5058, 5168, 5841, 5918, 6258, 6264, 6394, 6945, 7076, 7131, 7143, 7907, 8046, 8313, 9489, 9527, 9872, 9932]
21 [755, 1137, 1459, 1969, 2819, 4438, 4449, 5143, 5503, 5855, 6102, 6555, 6589, 7688, 7939, 8215, 9104, 9319, 9596, 9823, 9851]
31 [375, 556, 1145, 1198, 1598, 1788, 1798, 1826, 2171, 2428, 3552, 3632, 3669, 3745, 4286, 4522, 5536, 5618, 6217, 6262, 6282, 6909, 7195, 7284, 7494, 7790, 8605, 8918, 9508, 9749, 9933]
24 [144, 316, 1194, 1737, 2034, 2968, 3579, 3820, 3837, 4872, 5593, 5672, 5728, 5877, 6236, 6347, 6521, 6755, 8131, 8140, 8419, 8580, 8616, 9277]
30 [472, 541, 959, 1064, 1911, 2735, 3515, 3982, 4036, 4242, 4360, 4675, 5056, 5119, 5403, 5938, 6582, 6617, 6648, 6670, 6741, 7137, 7163, 7310, 7418, 7431, 8147, 8264, 8690, 9048]
33 [1118, 1130, 1974, 2725, 2799, 2832, 3228, 3429, 3455, 3621, 3695, 3779, 3908, 3916, 4107, 4193, 4567, 4618, 5866, 6769, 6830, 6977, 7121, 7591, 7641, 7981, 8293, 8464, 9050, 9080, 9106, 9692, 9921]
23 [390, 967, 975, 1276, 1281, 1956, 2516, 2621, 3381, 3700, 3902, 4823, 5064, 5251, 5664, 5767, 6808, 7178, 7374, 7436, 8646, 8788, 9086]
25 [4, 69, 208, 931, 1155, 1458, 1851, 1979, 3123, 3218, 3331, 3491, 3521, 3804, 4089, 4382, 4764, 5365, 5539, 5675, 6313, 6416, 7765, 8030, 9520]
15 [1270, 1329, 1655, 3329, 5052, 5099, 5945, 6042, 6434, 6675, 7674, 8213, 8251, 8751, 9857]
22 [46, 1082, 1593, 1684, 1868, 2784, 2881, 3509, 4337, 4352, 4549, 4748, 4753, 5076, 5114, 5931, 6078, 7001, 7826, 9451, 9454, 9767]
21 [65, 972, 1254, 1476, 1830, 2244, 2360, 3127, 3800, 3841, 4085, 4795, 5622, 6302, 6615, 6701, 7040, 7112, 7929, 8629, 8820]
31 [75, 439, 838, 1417, 1843, 1859, 2064, 2257, 2340, 2449, 2561, 2810, 2863, 3101, 4211, 5196, 5209, 5272, 5416, 5519, 5829, 6634, 7033, 7752, 8282, 8542, 9549, 9571, 9593, 9739, 9847]
28 [181, 422, 482, 846, 953, 1002, 1609, 2300, 2435, 3102, 3799, 3949, 4109, 4321, 4472, 4483, 4850, 6002, 6321, 6654, 8022, 8179, 8341, 8626, 9037, 9208, 9340, 9888]
25 [93, 305, 522, 656, 1369, 2302, 2925, 3033, 4168, 4838, 5029, 5323, 5605, 6604, 6796, 6846, 6847, 7008, 7013, 7588, 7767, 7976, 8247, 8458, 9625]
24 [2232, 2821, 2861, 2884, 2931, 3119, 3266, 3502, 3851, 4265, 4575, 5531, 5745, 6314, 6332, 6522, 6904, 7307, 7747, 7949, 7957, 8212, 9619, 9956]
29 [336, 1324, 2303, 2673, 3129, 3626, 3664, 3675, 3894, 4035, 4309, 4707, 5002, 5087, 5352, 5686, 5792, 6218, 6380, 6526, 8023, 8079, 8117, 8971, 8981, 9145, 9729, 9743, 9859]
15 [936, 1388, 2089, 2095, 2840, 3295, 3447, 3964, 4791, 4948, 6180, 6357, 6956, 7061, 9353]
39 [253, 399, 927, 1097, 1623, 1635, 1648, 2071, 2088, 2094, 2110, 2255, 2371, 3423, 3505, 3711, 3736, 3795, 4079, 4266, 4636, 4786, 5305, 5488, 6142, 6845, 6939, 7369, 7584, 7924, 7969, 8188, 8467, 8620, 8838, 8995, 9122, 9331, 9676]
23 [318, 321, 583, 626, 971, 1034, 1164, 1292, 1687, 1749, 1922, 2361, 3610, 4379, 6195, 6536, 7762, 7763, 7850, 7857, 8113, 8537, 9511]
27 [7, 8, 34, 663, 685, 915, 1777, 1809, 2715, 2795, 3053, 3215, 3928, 4327, 4478, 6241, 6280, 6330, 6925, 6994, 7074, 7349, 7608, 7744, 7876, 9011, 9044]
34 [170, 341, 883, 1743, 2190, 2258, 2299, 2431, 2797, 3125, 3586, 3681, 3825, 4384, 4455, 4788, 4839, 5910, 5940, 6071, 6275, 6361, 6465, 6817, 6893, 7154, 8283, 8317, 8718, 8755, 8844, 9023, 9026, 9067]
27 [1053, 2207, 3111, 3297, 4856, 5027, 5051, 5135, 5166, 5591, 5611, 5820, 6208, 7330, 7749, 8180, 8199, 8299, 8349, 8409, 8557, 8657, 8860, 8862, 9594, 9711, 9897]
25 [28, 135, 179, 226, 703, 709, 1078, 1518, 2368, 2392, 2976, 3450, 4323, 5062, 5095, 5120, 5527, 5743, 7326, 7364, 7375, 7842, 7922, 8584, 8593]
29 [1018, 1350, 1404, 1913, 1954, 2161, 3005, 3034, 3121, 3585, 4564, 4740, 5717, 6422, 6519, 6584, 6819, 7172, 7408, 7931, 8241, 8502, 8503, 8617, 8899, 9098, 9193, 9355, 9459]
22 [214, 351, 1371, 1527, 1537, 1882, 2469, 2550, 3679, 4550, 5422, 5429, 5438, 6294, 6443, 7003, 7031, 7463, 7942, 8325, 8395, 9762]
15 [232, 622, 957, 1007, 1509, 2935, 3291, 3543, 3550, 4250, 6658, 7647, 8211, 8340, 9769]
29 [278, 860, 1048, 1200, 1363, 1670, 2253, 2419, 2929, 3011, 4204, 4365, 4620, 4817, 5322, 5445, 5607, 5694, 6376, 6470, 6539, 6574, 7174, 7503, 8007, 9330, 9403, 9405, 9865]
27 [385, 598, 886, 1631, 2051, 2811, 2944, 3475, 3520, 3628, 4419, 4746, 4991, 5287, 5398, 5613, 5846, 5888, 6087, 6761, 6764, 7171, 7325, 7587, 8054, 9361, 9755]
24 [122, 392, 905, 1203, 1453, 2625, 2807, 2886, 3147, 3627, 3882, 4216, 4233, 4798, 4808, 5284, 5489, 6333, 6621, 6627, 7441, 7878, 9220, 9688]
26 [219, 438, 620, 1021, 1454, 2134, 2182, 2593, 2601, 3094, 4160, 4312, 4679, 4904, 5659, 5879, 7409, 7489, 8031, 8851, 8927, 8988, 9078, 9246, 9400, 9646]
23 [310, 374, 555, 1699, 1840, 2560, 2871, 3328, 3527, 3979, 4015, 4814, 5067, 5227, 5244, 6392, 6464, 6561, 6680, 9081, 9457, 9486, 9918]
28 [198, 242, 1058, 1065, 1218, 1418, 1715, 2196, 2385, 2569, 2602, 3709, 3752, 4172, 4300, 4784, 6352, 6451, 6569, 6894, 6995, 7070, 7472, 7483, 7563, 7997, 8520, 8567]
33 [212, 513, 731, 789, 839, 962, 1134, 1661, 1903, 2054, 2247, 2337, 2434, 2746, 2815, 2820, 3457, 3662, 3792, 4366, 4502, 4749, 4905, 5110, 5804, 7685, 7875, 7989, 8431, 8852, 8904, 9648, 9763]
31 [166, 311, 547, 585, 2038, 2245, 2447, 2508, 2909, 3098, 4743, 4778, 4877, 5561, 5715, 6349, 6429, 6530, 6757, 7637, 7681, 7869, 7899, 8043, 8685, 8882, 9056, 9123, 9434, 9473, 9890]
31 [382, 387, 528, 674, 749, 1024, 1239, 1284, 1629, 1784, 2511, 2910, 3322, 3541, 3760, 4372, 4685, 4846, 4914, 4980, 5050, 5315, 6350, 6398, 7265, 7290, 7623, 8010, 8697, 8874, 9632]
20 [545, 949, 1081, 1298, 1309, 2474, 3012, 3104, 3315, 3396, 3811, 5435, 6015, 6304, 6479, 7540, 8647, 9127, 9414, 9628]
15 [911, 1943, 2344, 2503, 3500, 3859, 4344, 4421, 4626, 7006, 7329, 8087, 8513, 8711, 8880]
28 [812, 921, 1068, 1248, 1732, 1806, 2164, 2235, 2400, 2509, 2765, 2905, 3134, 3918, 3933, 4413, 4976, 6116, 6163, 7454, 7774, 7994, 8097, 8099, 8522, 8911, 9270, 9502]
23 [809, 1055, 1425, 3063, 3629, 4452, 4464, 4886, 5780, 5837, 6046, 6587, 6659, 7099, 7233, 7392, 7551, 7581, 8124, 8514, 8662, 8936, 9877]
30 [264, 364, 1472, 1701, 2022, 2605, 2669, 3605, 4188, 4291, 5023, 5207, 5703, 5920, 5941, 6393, 6535, 6780, 6984, 7729, 8025, 8160, 8275, 8298, 8759, 9390, 9531, 9567, 9811, 9916]
30 [222, 330, 894, 1167, 1307, 2486, 2683, 3105, 3189, 3208, 3216, 3554, 4145, 4654, 4660, 5142, 5441, 5554, 5570, 7079, 7361, 7569, 7603, 8686, 8831, 9038, 9349, 9574, 9727, 9783]
22 [829, 1330, 2096, 2150, 2540, 2727, 2872, 3470, 3896, 5750, 6395, 6497, 6900, 6927, 7419, 8707, 9114, 9216, 9258, 9667, 9746, 9837]
31 [131, 469, 579, 642, 704, 999, 1102, 1274, 2057, 2584, 2587, 3958, 4262, 4936, 5640, 5667, 5723, 6120, 6140, 6717, 7473, 7491, 7506, 7782, 8230, 8280, 8603, 9255, 9336, 9360, 9796]
15 [485, 1944, 3187, 3220, 3309, 3814, 6853, 7238, 7736, 7849, 7881, 8291, 8436, 8812, 9493]
23 [686, 947, 1088, 1495, 1550, 1696, 2554, 2581, 2759, 2888, 4406, 5397, 5501, 5619, 5917, 6122, 6224, 7662, 8162, 8984, 9191, 9386, 9449]
30 [496, 875, 1103, 1333, 1717, 2278, 2506, 2571, 3373, 3846, 4155, 4601, 5396, 5650, 5810, 6308, 6391, 6623, 6662, 6795, 6801, 7505, 7679, 7737, 8929, 9016, 9153, 9210, 9366, 9590]
21 [148, 418, 733, 1322, 1359, 1553, 1906, 3766, 3969, 4897, 5349, 6706, 6746, 7801, 7810, 7837, 8509, 8560, 8974, 9167, 9611]
19 [543, 654, 2314, 3319, 3341, 3442, 3678, 3817, 4818, 5183, 5319, 5521, 6179, 6244, 7413, 8606, 8943, 9356, 9446]
21 [22, 452, 619, 1095, 2261, 2425, 2713, 2860, 3486, 3925, 4821, 5493, 5550, 5581, 5970, 6868, 7474, 8163, 8871, 9008, 9713]
21 [402, 410, 566, 912, 1456, 2250, 2818, 3112, 3607, 4595, 4941, 5678, 6007, 7004, 7717, 7777, 8119, 8263, 8490, 8637, 9144]
16 [525, 688, 940, 2517, 3337, 4757, 4952, 5331, 5484, 6709, 8761, 8876, 9317, 9410, 9961, 9971]
27 [1255, 1646, 1734, 1910, 2138, 2384, 2900, 3066, 3182, 3437, 3853, 4331, 4546, 4763, 4771, 4879, 5018, 5073, 6725, 6829, 7204, 7528, 8688, 8727, 8867, 9589, 9957]
16 [743, 996, 1234, 1246, 1269, 1657, 3046, 3482, 4031, 5173, 5184, 6814, 7820, 8615, 8815, 9119]
29 [196, 578, 798, 1365, 1494, 1918, 2714, 3035, 3211, 3233, 3386, 3642, 4087, 4100, 4578, 4863, 5028, 5401, 5543, 6023, 6773, 7856, 7873, 7941, 8065, 8334, 9032, 9747, 9802]
