True
False
24 [787, 867, 986, 1189, 2011, 2025, 2148, 2425, 2917, 3645, 3922, 4085, 5081, 6046, 6144, 6322, 6518, 6556, 7015, 7433, 8223, 8345, 8919, 9453]
14 [160, 876, 1148, 1440, 1985, 3524, 3720, 5012, 5204, 5430, 6801, 9605, 9607, 9978]
38 [764, 1096, 1468, 1914, 2007, 2205, 2275, 2397, 2451, 2545, 2602, 2980, 3259, 3446, 3552, 3717, 3843, 3851, 3899, 3925, 4189, 4802, 4992, 5655, 6115, 6820, 6896, 7260, 7266, 7329, 7821, 8014, 8029, 8204, 8462, 8875, 9490, 9856]
31 [992, 1346, 1682, 2160, 2287, 2693, 2877, 2955, 3379, 3749, 3976, 4240, 4577, 4618, 4714, 5027, 5057, 5447, 5602, 5681, 6179, 6647, 6669, 6860, 7717, 7938, 7943, 7951, 9032, 9049, 9826]
33 [107, 154, 341, 405, 410, 536, 768, 1220, 1604, 2767, 2849, 3219, 3410, 3755, 3920, 4166, 4742, 4879, 5173, 5298, 5739, 5833, 6036, 7169, 7254, 7397, 7504, 8047, 8121, 8153, 8674, 9197, 9929]
26 [17, 109, 626, 1456, 1484, 3401, 3664, 3986, 4130, 4947, 5055, 5276, 5493, 5645, 5725, 5800, 6000, 6328, 7412, 7540, 8429, 8433, 8638, 8841, 9345, 9918]
29 [441, 728, 783, 819, 1642, 1834, 2064, 2311, 2921, 3056, 3400, 3533, 5013, 5812, 5977, 6044, 6674, 6790, 7029, 7057, 7923, 8411, 8869, 9066, 9141, 9277, 9504, 9644, 9822]
33 [696, 1164, 1331, 1726, 2114, 2210, 2400, 3130, 3987, 4038, 4524, 4648, 5071, 5651, 5775, 5835, 6028, 6057, 6411, 6439, 6637, 7444, 7454, 7842, 8096, 8485, 8669, 8977, 8994, 9339, 9481, 9571, 9638]
31 [4, 181, 453, 795, 869, 1008, 1070, 1430, 1709, 1935, 2202, 2976, 3553, 4453, 4968, 5103, 5323, 6064, 6351, 6428, 6977, 7437, 7545, 7743, 8171, 8344, 8667, 8818, 9072, 9502, 9726]
26 [584, 809, 1278, 1780, 2646, 3123, 3597, 4223, 4556, 4778, 5334, 5671, 5673, 6417, 6523, 6962, 8155, 8191, 8224, 8333, 8390, 9045, 9064, 9130, 9885, 9912]
28 [81, 115, 743, 755, 837, 987, 1991, 2132, 3067, 3403, 3660, 3672, 4100, 4155, 4227, 4527, 4640, 4692, 5002, 6299, 6520, 6725, 7308, 7598, 8037, 8360, 8543, 8990]
31 [34, 466, 598, 623, 967, 1098, 1165, 1454, 1595, 1895, 1902, 2781, 3019, 3303, 4159, 4242, 4564, 5518, 6015, 6171, 6317, 6734, 6889, 6933, 7845, 8090, 8623, 9353, 9540, 9636, 9707]
36 [45, 157, 446, 670, 923, 1176, 1361, 1373, 2076, 2103, 2221, 2299, 2967, 3181, 3467, 3710, 4041, 4097, 4791, 5610, 5888, 6096, 6247, 6374, 6385, 6475, 6659, 6685, 6726, 6758, 6812, 6954, 7040, 7140, 9198, 9819]
29 [381, 464, 2561, 2594, 2752, 2898, 3051, 3052, 3289, 3386, 3948, 4311, 4747, 4881, 5119, 5492, 5705, 5881, 6718, 7567, 7705, 7924, 8245, 8798, 9145, 9384, 9447, 9645, 9917]
31 [138, 192, 227, 232, 639, 1091, 1186, 1245, 1279, 1556, 1590, 1843, 1966, 2078, 2803, 3474, 3562, 3824, 4466, 4543, 4732, 4745, 5341, 5968, 7712, 7766, 7808, 8242, 9134, 9470, 9873]
30 [16, 262, 300, 532, 654, 671, 874, 939, 1488, 1764, 2288, 2568, 2745, 2960, 3513, 3588, 4032, 4169, 4202, 5720, 5980, 6423, 6668, 6911, 6994, 7858, 8031, 8385, 8899, 9137]
21 [189, 357, 469, 523, 807, 1355, 1923, 2226, 2536, 2851, 3354, 3448, 4637, 5540, 6093, 6325, 6357, 6401, 7408, 8369, 9993]
34 [778, 816, 1076, 1203, 2182, 2579, 2625, 2897, 3512, 3623, 3894, 4064, 4069, 4239, 4526, 4836, 4973, 5633, 5646, 5794, 6469, 6888, 7479, 7740, 7879, 7979, 8266, 8599, 9227, 9275, 9364, 9435, 9549, 9672]
28 [236, 646, 1930, 2197, 2251, 2432, 2853, 3119, 3173, 3398, 3445, 4344, 4517, 5070, 5130, 5241, 5964, 6319, 6519, 7313, 7484, 7626, 7971, 8335, 8367, 8744, 9041, 9505]
28 [360, 505, 760, 833, 1224, 1266, 1574, 1662, 1828, 2372, 2442, 3253, 3711, 3763, 3985, 4049, 4160, 4999, 6035, 6041, 6054, 6656, 6710, 6815, 7097, 7886, 8686, 8730]
32 [304, 372, 495, 617, 1254, 1354, 1745, 1858, 2274, 2345, 2633, 3025, 3038, 3102, 3463, 3874, 4177, 4206, 4681, 5229, 5632, 5820, 6168, 6558, 6600, 6695, 6887, 6903, 6922, 7869, 9034, 9443]
24 [501, 554, 2490, 2649, 2998, 3285, 3381, 4034, 4065, 4472, 4602, 4660, 5454, 5550, 5821, 5982, 6316, 6778, 7681, 7735, 8398, 9133, 9692, 9962]
28 [603, 1057, 1201, 1239, 1720, 1748, 2377, 2932, 3956, 4201, 4435, 4468, 4812, 5223, 5572, 5981, 6164, 6679, 6772, 7008, 7152, 7245, 7760, 7965, 8475, 8732, 9010, 9646]
31 [1, 89, 327, 511, 757, 900, 1287, 1486, 2021, 3695, 4290, 4672, 5036, 5039, 5125, 5405, 5503, 5711, 6145, 6924, 7302, 7790, 8115, 8225, 8237, 8545, 8583, 8743, 9205, 9416, 9780]
25 [599, 825, 1069, 1712, 2351, 2505, 2679, 2831, 3648, 3914, 4024, 4413, 4458, 4779, 4789, 4987, 6641, 6735, 7796, 7836, 8212, 8243, 8358, 8689, 9941]
30 [176, 265, 399, 422, 591, 1274, 2335, 2671, 3156, 3232, 3652, 3792, 3806, 3995, 4025, 4391, 4638, 4849, 4859, 5426, 5547, 5876, 6372, 6485, 7071, 7680, 8588, 9178, 9349, 9451]
25 [32, 290, 329, 1581, 2050, 2089, 2588, 3171, 3294, 3416, 3815, 4398, 4448, 4801, 5293, 5660, 5932, 6139, 6272, 6360, 6746, 7428, 8198, 8657, 8937]
38 [112, 229, 239, 702, 909, 1453, 1670, 1735, 1928, 1967, 2054, 2135, 2470, 3099, 3468, 3832, 4519, 5919, 5979, 5999, 6118, 6128, 6833, 6843, 6870, 6973, 7203, 7426, 7899, 8011, 8233, 9194, 9312, 9462, 9491, 9647, 9739, 9999]
29 [933, 1030, 1410, 1446, 2165, 2266, 2323, 2384, 2559, 2764, 2915, 3338, 3742, 4004, 4328, 4738, 5349, 5882, 6186, 6344, 7353, 7539, 7830, 8216, 8749, 9240, 9777, 9841, 9857]
23 [179, 653, 1389, 2242, 2263, 2531, 2601, 2608, 2716, 3254, 4082, 4677, 4756, 5421, 5576, 5966, 6097, 7320, 7365, 8939, 9047, 9570, 9642]
23 [209, 557, 1145, 1995, 2820, 3055, 3615, 3771, 4006, 4112, 4817, 5030, 5192, 5773, 6356, 6596, 6660, 6757, 6855, 7232, 7455, 8461, 8761]
39 [3, 316, 589, 896, 1708, 1894, 2026, 2694, 3141, 3240, 3331, 3452, 3593, 4195, 4725, 4807, 4830, 5110, 5406, 5490, 5682, 5839, 5907, 6086, 6863, 6883, 6899, 7062, 8080, 8431, 8697, 8812, 9050, 9224, 9409, 9444, 9772, 9792, 9793]
32 [12, 84, 295, 398, 482, 721, 1353, 1587, 1727, 1927, 1996, 2079, 2325, 2689, 3048, 3510, 3618, 3954, 4190, 4457, 4550, 5093, 5740, 5961, 7118, 7435, 7638, 8880, 8905, 8971, 9117, 9681]
41 [10, 100, 142, 798, 963, 1205, 1771, 1795, 1814, 1889, 2044, 2097, 2525, 3101, 3427, 3564, 3677, 4076, 4208, 4590, 4847, 4857, 5062, 5255, 5361, 5478, 5584, 5691, 6612, 6671, 6835, 6910, 7670, 7797, 7882, 8608, 8711, 9167, 9214, 9354, 9422]
34 [318, 322, 344, 693, 706, 1000, 1053, 1314, 1855, 2547, 2655, 2800, 2889, 3500, 3692, 3800, 4530, 5170, 5606, 6208, 6531, 6533, 6765, 7225, 7422, 7592, 7631, 7800, 7807, 8241, 8362, 8436, 8480, 8606]
21 [285, 437, 1436, 2235, 3120, 4263, 4506, 4705, 4852, 5240, 5380, 5496, 5774, 6111, 6163, 6490, 7487, 7719, 9710, 9728, 9761]
28 [103, 955, 1706, 3197, 3967, 3993, 4966, 5107, 5295, 5475, 5536, 5779, 6013, 6355, 6395, 6975, 7241, 7299, 7403, 7526, 7649, 8454, 8760, 8955, 9105, 9336, 9419, 9838]
28 [199, 776, 1154, 1980, 1999, 4009, 4118, 4818, 4822, 5073, 5132, 5317, 6133, 6238, 6399, 6852, 6891, 7035, 8033, 8119, 8190, 8259, 8860, 9011, 9028, 9296, 9373, 9843]
22 [1263, 1703, 2091, 2163, 2216, 2627, 4442, 4862, 5034, 5231, 5467, 6329, 7272, 7318, 7989, 8356, 8586, 8927, 9136, 9143, 9261, 9286]
22 [1659, 1752, 3680, 4482, 4616, 4697, 4840, 4873, 5554, 5605, 6578, 6805, 7074, 7580, 7939, 8020, 8313, 8877, 9029, 9437, 9464, 9987]
25 [42, 1319, 1566, 3040, 3078, 3348, 3719, 3949, 4071, 4495, 4977, 5342, 5557, 5664, 5787, 6141, 6666, 7221, 7568, 8008, 8022, 8263, 8544, 9478, 9563]
22 [500, 694, 701, 1007, 1437, 1953, 2316, 2527, 3849, 5768, 5917, 6237, 6353, 6365, 6488, 6846, 7926, 8267, 9071, 9093, 9577, 9862]
33 [46, 187, 259, 736, 801, 1256, 1545, 1658, 1839, 1908, 2463, 2681, 2948, 3144, 3198, 3527, 3565, 4116, 4492, 4907, 4912, 5521, 5676, 5797, 6295, 6352, 8354, 8379, 8707, 8829, 8888, 9434, 9924]
22 [93, 191, 949, 1166, 1444, 1532, 2051, 2075, 2409, 2785, 3629, 3696, 3895, 4184, 4203, 5210, 5854, 6079, 6103, 7530, 9536, 9655]
33 [9, 178, 906, 1320, 1544, 1756, 2523, 3074, 3469, 3901, 3910, 3981, 4183, 4375, 5530, 5588, 6018, 6159, 6605, 7058, 7092, 7246, 7297, 7751, 7859, 8218, 8727, 8928, 9311, 9520, 9659, 9666, 9689]
36 [79, 1011, 1184, 1898, 2219, 2393, 2467, 2482, 2740, 3572, 3721, 4220, 4251, 4621, 4687, 5331, 5494, 5620, 5889, 5991, 6076, 6405, 6443, 6926, 7720, 7761, 8000, 8320, 8343, 8773, 8807, 8815, 8898, 9554, 9711, 9816]
28 [1172, 1508, 1584, 1746, 2298, 2770, 2947, 3310, 3939, 4462, 4683, 4689, 4736, 7244, 7493, 7622, 7737, 8068, 8158, 8329, 8372, 8459, 8742, 9328, 9452, 9572, 9863, 9932]
29 [287, 417, 572, 1222, 1271, 1518, 2478, 2852, 3777, 3953, 4351, 4815, 4853, 4913, 5067, 5577, 5987, 6568, 6751, 6909, 7288, 7465, 7880, 7916, 8578, 9015, 9477, 9685, 9703]
41 [28, 125, 127, 620, 925, 1136, 1232, 1580, 2016, 2077, 2359, 2456, 2576, 2982, 3190, 3604, 3753, 4108, 4827, 4924, 5484, 5488, 6553, 6607, 6706, 6741, 7096, 7322, 7424, 7469, 7750, 8629, 9004, 9006, 9061, 9101, 9611, 9658, 9817, 9884, 9958]
22 [141, 252, 862, 1743, 1755, 2488, 2564, 3566, 3759, 3773, 4066, 5201, 5723, 6066, 6085, 6559, 6985, 7427, 8309, 8838, 9243, 9725]
28 [135, 188, 258, 1086, 1138, 1400, 1548, 1760, 2398, 2696, 3258, 3714, 3780, 4407, 5248, 5694, 6720, 7094, 7249, 7395, 7464, 7715, 8111, 8192, 8739, 9308, 9320, 9847]
27 [317, 365, 470, 651, 684, 1215, 1820, 2094, 2395, 2653, 3020, 4204, 4266, 5277, 5480, 5538, 5905, 6112, 6169, 6534, 6606, 6717, 7289, 7360, 7525, 8174, 8503]
31 [164, 563, 784, 789, 858, 924, 1167, 1291, 1351, 1525, 1611, 1934, 2042, 2418, 2503, 2776, 3336, 3545, 4661, 5188, 6107, 6114, 7143, 7190, 7980, 8066, 8277, 8435, 9228, 9283, 9776]
27 [53, 580, 1065, 1200, 1877, 1903, 2061, 2356, 2455, 2810, 3097, 3124, 3212, 3230, 3537, 4128, 4965, 5463, 5464, 5992, 6763, 7327, 7400, 7911, 8571, 8737, 9798]
28 [8, 200, 203, 281, 660, 698, 2168, 2644, 2718, 2775, 3803, 4274, 4388, 4905, 5179, 5877, 5994, 6388, 6586, 7197, 7537, 7722, 7794, 7966, 8185, 8366, 8944, 8960]
26 [183, 846, 1421, 1931, 2454, 2686, 2979, 3012, 3216, 3461, 3587, 4046, 4120, 4139, 4282, 4440, 6034, 6829, 7532, 7655, 8005, 8088, 8814, 8972, 9678, 9690]
33 [309, 537, 1739, 1912, 2060, 2208, 2213, 2684, 2999, 3021, 3072, 4176, 4371, 4786, 5194, 5491, 5624, 6011, 6667, 7044, 7350, 7617, 7992, 8351, 8402, 8452, 8725, 8820, 9249, 9318, 9695, 9922, 9973]
30 [484, 586, 940, 959, 1085, 1529, 1892, 2329, 2363, 2426, 3192, 3356, 4797, 4810, 5203, 5227, 5287, 6244, 6256, 7529, 7632, 7958, 8139, 8180, 8406, 8554, 8834, 9316, 9765, 9950]
27 [128, 857, 1110, 1450, 1747, 2199, 2347, 2623, 2721, 2833, 3221, 3378, 3434, 4226, 4310, 4625, 4920, 5115, 5389, 6061, 6255, 6338, 7619, 7727, 7818, 8872, 9410]
25 [400, 817, 1257, 1586, 1796, 2074, 3703, 3706, 4404, 5269, 5327, 5706, 6361, 6848, 6982, 7115, 7185, 7633, 7660, 8597, 8651, 9356, 9747, 9800, 9957]
29 [30, 426, 1305, 2062, 2303, 2804, 3103, 3355, 3371, 3625, 3907, 4245, 4332, 4569, 4573, 4739, 4774, 4931, 5095, 5457, 5893, 6311, 6774, 7020, 7048, 7064, 7914, 8010, 8019]
35 [826, 920, 1323, 1366, 1397, 1405, 1636, 2327, 2355, 2885, 2950, 3053, 3213, 3360, 3390, 3508, 3998, 4771, 4894, 5009, 5059, 5104, 5391, 5790, 6231, 6393, 6532, 7405, 7546, 7707, 7837, 8009, 8084, 8492, 9677]
25 [41, 415, 539, 644, 827, 1298, 4016, 4111, 4171, 4380, 5273, 5283, 5387, 5631, 5920, 6082, 6498, 6902, 7119, 8391, 8585, 8631, 8969, 9163, 9342]
36 [76, 114, 352, 903, 2192, 2711, 3278, 3291, 3385, 3428, 3912, 3928, 3984, 5313, 5452, 5582, 5870, 6059, 6289, 6290, 6297, 6330, 6821, 6993, 7165, 7255, 7725, 7863, 8214, 8326, 8404, 8611, 8619, 9060, 9204, 9546]
30 [51, 173, 655, 842, 1004, 1420, 1660, 1785, 2582, 2769, 3017, 3031, 3083, 3368, 3690, 4212, 5834, 6233, 6759, 6929, 7022, 7276, 7586, 7778, 8140, 8295, 8486, 8647, 9220, 9597]
37 [58, 80, 171, 740, 882, 1087, 1356, 2137, 2146, 2424, 2522, 2573, 3033, 3079, 3312, 3352, 3543, 4019, 4755, 4972, 5978, 6172, 6457, 6507, 7006, 7311, 8134, 8350, 8511, 8819, 8982, 9056, 9293, 9448, 9529, 9878, 9933]
40 [111, 570, 711, 762, 1404, 1655, 1977, 2341, 2421, 2634, 2822, 3166, 3196, 3229, 3302, 3384, 3930, 4264, 4297, 5080, 5122, 5329, 5621, 5850, 6045, 6134, 6591, 6792, 7036, 7155, 7698, 8036, 8284, 8684, 8705, 8755, 8774, 8851, 9248, 9492]
31 [1597, 2254, 2610, 2840, 3023, 3502, 3743, 4255, 4686, 4898, 5038, 5309, 5377, 5420, 5566, 5607, 5679, 5771, 6347, 6704, 6987, 7009, 7491, 7521, 7635, 8100, 8122, 8552, 8857, 9257, 9519]
24 [186, 669, 715, 770, 1079, 1129, 1901, 1922, 2444, 2779, 2943, 4248, 4313, 4336, 4659, 5053, 5147, 6213, 7811, 8193, 8534, 8958, 9179, 9245]
40 [19, 272, 810, 948, 1039, 1340, 1558, 1910, 2043, 2477, 2496, 2498, 2575, 2805, 3305, 3382, 3591, 3592, 4317, 4333, 4600, 4667, 5199, 5513, 5819, 5914, 6040, 6387, 6705, 6869, 7081, 7139, 7229, 7788, 8012, 8196, 8443, 8710, 9752, 9983]
22 [15, 253, 291, 690, 832, 966, 1398, 1657, 2211, 2590, 2963, 4214, 5176, 5226, 6206, 6286, 6350, 6832, 7253, 7585, 7897, 8434]
16 [311, 1104, 1269, 2255, 2660, 2748, 3227, 3725, 5506, 6599, 7108, 7804, 7896, 8481, 8666, 9799]
36 [149, 230, 1029, 2360, 2420, 2494, 2665, 2841, 2886, 3691, 3769, 3844, 4133, 4249, 4953, 5143, 5244, 5288, 5934, 5983, 6348, 6964, 6969, 7003, 7056, 7160, 8044, 8209, 8240, 8292, 8591, 9026, 9057, 9507, 9511, 9797]
34 [491, 520, 1374, 1817, 1965, 2036, 2236, 2806, 3855, 4389, 4445, 4627, 4631, 4783, 5272, 5303, 5307, 5444, 5939, 6012, 6032, 6320, 6456, 6493, 6691, 6767, 7183, 7339, 7376, 8117, 9095, 9282, 9610, 9916]
26 [1182, 1195, 1696, 2071, 2722, 3060, 3183, 3304, 3573, 3787, 4483, 4668, 4885, 4918, 5019, 5158, 5471, 5861, 7037, 7193, 7643, 8319, 8514, 8612, 8997, 8998]
28 [467, 707, 739, 976, 1737, 1875, 2027, 2099, 2125, 2385, 2535, 3138, 3274, 4749, 5998, 6304, 6392, 6406, 6595, 6682, 7239, 7381, 7409, 8109, 8150, 8186, 8194, 9643]
34 [887, 1223, 1511, 1628, 1686, 1750, 2533, 2691, 3268, 3663, 3813, 3857, 3943, 4048, 4262, 4858, 4875, 4954, 5251, 5903, 6345, 6555, 6632, 7019, 7045, 7050, 7425, 7942, 9116, 9239, 9273, 9352, 9521, 9663]
32 [342, 705, 831, 962, 1602, 1844, 1852, 2029, 2035, 3107, 3204, 3301, 3520, 3599, 3608, 3829, 3961, 4037, 4084, 4623, 4684, 4943, 5100, 5516, 5783, 6840, 6986, 7399, 8183, 9279, 9602, 9763]
29 [24, 225, 455, 463, 1081, 1153, 1951, 2907, 2986, 3077, 3442, 3700, 3909, 3964, 4250, 4563, 4693, 4826, 5023, 6043, 6146, 6736, 7480, 7564, 7664, 8024, 8614, 9746, 9805]
26 [277, 383, 668, 731, 1347, 1632, 1714, 2171, 2829, 3116, 3145, 4165, 4259, 5319, 7482, 7606, 7726, 7758, 7767, 7921, 8339, 8498, 8914, 8991, 9542, 9890]
24 [63, 159, 267, 293, 506, 525, 581, 1687, 1881, 2267, 2317, 3135, 4748, 5256, 5284, 6024, 6756, 7199, 7357, 8528, 8559, 9233, 9332, 9603]
27 [1495, 1530, 1620, 2186, 2322, 2378, 2413, 2586, 2734, 3203, 3246, 3990, 3996, 4119, 4228, 4291, 4400, 5000, 5947, 6136, 6622, 6850, 7208, 8347, 8423, 9074, 9229]
26 [50, 243, 725, 972, 1608, 2080, 2196, 2320, 2383, 2784, 2835, 2936, 3129, 4301, 5045, 5448, 5548, 5924, 6125, 6211, 6466, 6571, 6788, 6794, 7505, 8294]
30 [596, 680, 712, 1409, 1630, 1740, 2048, 2264, 2366, 3866, 4211, 4370, 4651, 5687, 5848, 6196, 6264, 6513, 6627, 6800, 7000, 7280, 8081, 8288, 8521, 8802, 9099, 9344, 9350, 9652]
25 [49, 246, 995, 1144, 2388, 2438, 2553, 2996, 3059, 3094, 3174, 4395, 4422, 4555, 4773, 5304, 5955, 6207, 6978, 6999, 7701, 7974, 8413, 9757, 9789]
24 [301, 516, 1784, 1803, 1856, 2084, 2910, 3374, 4122, 5058, 5282, 5683, 5897, 6257, 6601, 6990, 7053, 8280, 8447, 8513, 8590, 8909, 9208, 9698]
27 [380, 631, 898, 1840, 2157, 2295, 2628, 3744, 3767, 4782, 4828, 4935, 5195, 5559, 5952, 6138, 6275, 6658, 6854, 7192, 7533, 8890, 9024, 9381, 9445, 9705, 9734]
24 [177, 734, 872, 912, 2014, 2276, 2431, 2513, 2554, 2609, 3045, 3492, 5005, 5935, 6109, 6156, 6282, 6333, 7931, 7967, 8089, 8371, 8618, 9304]
30 [307, 642, 1099, 1180, 1303, 1806, 1971, 2901, 3665, 3919, 4061, 4378, 4531, 4699, 5376, 5718, 5754, 6511, 6657, 7167, 7177, 7688, 8179, 8830, 9425, 9458, 9534, 9662, 9845, 9915]
25 [228, 969, 1284, 1360, 1732, 1775, 2296, 2476, 2900, 3013, 3093, 3339, 3470, 3801, 3878, 4050, 4456, 5123, 5453, 5665, 5892, 8075, 8142, 9787, 9877]
26 [184, 888, 980, 1009, 2170, 2367, 3341, 3395, 4098, 4156, 4181, 4464, 4591, 5126, 5908, 6557, 6650, 6804, 6874, 7024, 7367, 7589, 8336, 8640, 8783, 9625]
33 [395, 457, 571, 913, 2112, 2350, 2390, 2635, 2859, 3225, 3322, 3325, 3411, 4760, 4925, 5178, 5312, 5469, 5514, 5662, 5750, 6566, 6579, 6769, 7298, 7441, 7658, 8065, 8232, 8767, 9113, 9466, 9626]
37 [429, 637, 1275, 1299, 1561, 1616, 1838, 2403, 2726, 3042, 3905, 4253, 4439, 4557, 4772, 4956, 5237, 5250, 5337, 5347, 5545, 5612, 5744, 6038, 6913, 6958, 7188, 7361, 7417, 7972, 8003, 8980, 9042, 9664, 9668, 9676, 9750]
24 [22, 377, 735, 910, 1185, 1576, 1890, 2556, 3022, 3693, 4186, 4200, 5003, 5336, 5760, 5874, 6280, 6364, 6575, 6634, 7364, 9627, 9767, 9930]
30 [741, 1265, 2446, 2702, 2933, 3126, 3139, 3193, 3209, 3290, 3399, 3429, 3575, 4401, 4548, 4951, 5242, 5425, 5571, 5904, 6016, 6104, 6684, 7178, 7326, 7475, 8992, 9129, 9512, 9954]
28 [332, 699, 824, 1016, 1173, 1197, 1288, 1623, 1685, 2929, 3343, 4522, 4726, 4984, 5234, 5275, 5472, 5721, 5722, 5735, 5777, 5965, 6069, 6152, 6872, 7374, 7982, 9727]
27 [233, 1385, 1649, 2173, 2938, 3284, 3460, 3613, 3796, 3932, 4129, 4196, 5366, 5422, 6301, 6450, 6460, 6550, 6786, 6816, 7076, 7838, 8766, 9238, 9623, 9669, 9875]
32 [213, 633, 918, 1023, 1175, 1880, 2066, 2364, 2883, 4090, 4567, 5048, 5294, 5413, 5666, 5668, 5867, 6271, 6920, 6981, 7275, 7287, 7306, 7317, 7382, 7420, 7846, 8016, 8598, 9107, 9156, 9859]
30 [67, 1813, 1919, 2009, 2621, 2659, 2687, 2931, 3617, 3705, 3970, 4349, 4788, 4979, 5007, 5092, 5367, 5368, 5416, 6198, 6495, 7186, 7250, 8046, 8205, 8291, 8408, 8717, 8886, 9200]
24 [512, 615, 1339, 1510, 2017, 2106, 3161, 3942, 4241, 4532, 5160, 5462, 5479, 6225, 6424, 6425, 6551, 6648, 6652, 6997, 8210, 8302, 8963, 8964]
26 [438, 786, 1515, 1552, 2577, 3392, 3412, 3490, 3828, 3841, 4023, 4334, 4897, 5047, 5896, 6318, 6570, 6771, 7848, 8032, 8311, 8553, 8827, 9566, 9830, 9855]
18 [450, 1559, 1614, 2262, 2815, 2884, 3015, 3876, 4035, 4057, 4490, 5302, 5575, 5693, 5747, 5975, 6838, 9937]
25 [353, 462, 1702, 1952, 2105, 2500, 3180, 3885, 4584, 4722, 4735, 4759, 4863, 5066, 5601, 6437, 6536, 6590, 6912, 7038, 7150, 7891, 9058, 9216, 9302]
29 [334, 1071, 1152, 1464, 1571, 2158, 2222, 2253, 2583, 2848, 3098, 4087, 4225, 4581, 4707, 4997, 5220, 5976, 6007, 6203, 6603, 7458, 8027, 8113, 8173, 8376, 9403, 9961, 9963]
21 [388, 1116, 1723, 1921, 2081, 2217, 2240, 2399, 2611, 2743, 2787, 5411, 5827, 6965, 7927, 8114, 8130, 8770, 9201, 9562, 9923]
28 [129, 682, 703, 1234, 1653, 3008, 3272, 5351, 5397, 5707, 5716, 5993, 6101, 6270, 6797, 6826, 7051, 7550, 7822, 7902, 8177, 8407, 8570, 9103, 9226, 9406, 9516, 9714]
27 [95, 182, 328, 1198, 1407, 2247, 2290, 2799, 2871, 2903, 2952, 3191, 3389, 4694, 5650, 5868, 6432, 7328, 7470, 7640, 8551, 8635, 8906, 8938, 9106, 9369, 9853]
26 [134, 873, 1177, 2331, 2344, 2570, 3002, 3292, 3871, 3924, 4075, 5318, 5510, 5558, 5816, 5836, 6250, 6525, 6886, 7031, 7451, 8688, 8840, 8892, 9359, 9544]
26 [716, 947, 991, 1621, 2774, 3812, 3834, 4153, 4507, 4592, 4596, 4865, 6613, 7242, 7248, 7856, 8015, 8170, 8236, 8879, 8953, 9366, 9386, 9550, 9706, 9820]
35 [264, 569, 1143, 1458, 1982, 2057, 2489, 2497, 2637, 2699, 3369, 3419, 3931, 3963, 4279, 4754, 4825, 5262, 5365, 5371, 5419, 6663, 6737, 6818, 7052, 7144, 7295, 7957, 8491, 8580, 8676, 8678, 9362, 9651, 9786]
33 [305, 396, 868, 1261, 1933, 1945, 2207, 2375, 2502, 3106, 3179, 4474, 4649, 4814, 5684, 6261, 6453, 7234, 7252, 7377, 7421, 7460, 7483, 7497, 8041, 8050, 8063, 8412, 8677, 8693, 9211, 9720, 9832]
16 [1646, 2495, 2504, 3122, 3185, 3600, 3698, 4363, 4424, 5578, 6285, 7207, 8138, 8525, 9219, 9730]
23 [481, 1139, 1893, 2172, 2558, 2826, 2839, 2995, 3132, 3164, 3519, 3651, 4554, 4610, 4846, 5328, 5386, 6940, 7575, 8189, 9232, 9745, 9869]
43 [5, 366, 738, 1302, 1448, 1478, 1722, 2223, 2528, 2778, 2925, 3010, 3357, 4056, 4366, 4461, 4470, 4882, 5383, 5424, 5539, 5730, 5732, 5822, 6276, 6283, 6414, 6670, 6898, 6905, 7087, 7258, 8083, 8092, 8166, 8382, 8488, 8512, 8750, 9019, 9278, 9346, 9523]
36 [540, 550, 689, 979, 1049, 1489, 1507, 1846, 1876, 2232, 2314, 2466, 2926, 3037, 3320, 3482, 3760, 3951, 4086, 4327, 4635, 4986, 5592, 6022, 6433, 6492, 6633, 6959, 7687, 7862, 7998, 9169, 9361, 9596, 9977, 9989]
30 [458, 836, 886, 1027, 1783, 1947, 2004, 2512, 3054, 3766, 3926, 4103, 4477, 4553, 4821, 5339, 5476, 5565, 5726, 5727, 6220, 6473, 7286, 7588, 7820, 7973, 8101, 9377, 9762, 9997]
40 [231, 822, 1031, 1414, 1697, 1753, 1797, 1969, 2526, 2612, 2636, 2673, 2714, 2958, 3155, 3206, 3276, 3340, 3479, 3739, 3775, 4162, 4824, 4839, 5761, 5866, 6081, 6200, 6279, 6448, 6609, 6931, 6955, 7219, 8285, 8495, 8634, 9400, 9413, 9601]
25 [535, 964, 2220, 2382, 3364, 3483, 3576, 3673, 3757, 3789, 4544, 4624, 4819, 4850, 4886, 5249, 5618, 6042, 6918, 7102, 7961, 8700, 9073, 9609, 9766]
37 [110, 321, 847, 936, 1032, 1328, 1485, 1809, 2072, 2200, 3071, 3165, 3248, 3366, 3376, 3656, 3973, 4107, 4209, 4768, 4989, 5316, 5466, 5596, 5719, 5840, 6092, 6629, 7271, 7291, 7340, 7534, 7762, 7970, 9378, 9471, 9622]
33 [436, 974, 1014, 1469, 1699, 1758, 2020, 2376, 2405, 2534, 2706, 2753, 2756, 2953, 3318, 4073, 4337, 4436, 4614, 4629, 4874, 5526, 5895, 6440, 6665, 6687, 7359, 7577, 7593, 9001, 9040, 9291, 9790]
22 [161, 266, 324, 449, 3050, 3295, 3626, 4481, 4848, 5879, 5900, 5967, 6412, 6639, 6884, 7243, 7439, 8540, 9510, 9687, 9699, 9831]
24 [583, 717, 1235, 1295, 1650, 1911, 2733, 3624, 3768, 3873, 4198, 4354, 4558, 4710, 4923, 5369, 5507, 6124, 6210, 6754, 7047, 7315, 7666, 7702]
21 [517, 555, 607, 726, 1617, 1689, 2407, 3095, 3586, 4393, 4434, 5440, 5629, 7211, 7290, 7477, 7605, 7609, 7763, 7827, 9551]
33 [169, 547, 624, 829, 1013, 1541, 1565, 3049, 3542, 3547, 3748, 4055, 4146, 4601, 4671, 4708, 5108, 5390, 5623, 5938, 6004, 6185, 6752, 6857, 7154, 7218, 8271, 8325, 8450, 8839, 9347, 9537, 9782]
24 [23, 244, 306, 476, 965, 996, 1491, 2373, 3745, 3991, 5090, 5314, 5373, 5374, 5986, 6446, 6960, 7023, 7683, 7904, 8542, 8652, 8702, 9982]
36 [289, 401, 529, 638, 1035, 2657, 2715, 3001, 3169, 3321, 3351, 3487, 3842, 4246, 4899, 4917, 5332, 5715, 6292, 6451, 6569, 7121, 7220, 7485, 7679, 7777, 8079, 8137, 8230, 8307, 8314, 8341, 8681, 9187, 9303, 9758]
24 [1075, 1250, 1422, 1573, 1651, 2370, 2484, 2629, 2828, 4588, 4730, 5155, 5235, 5395, 6638, 7034, 7508, 7614, 7696, 8055, 8315, 8901, 9513, 9920]
28 [170, 271, 373, 420, 522, 818, 1037, 1244, 1543, 1619, 2083, 2414, 3653, 3765, 4179, 4523, 5167, 6369, 7174, 7434, 7878, 8025, 8229, 8296, 8456, 8699, 9883, 9944]
25 [248, 765, 1103, 1307, 2795, 3142, 3333, 3397, 3544, 3730, 4373, 5799, 6471, 6583, 6956, 7013, 7519, 7889, 8278, 9052, 9131, 9379, 9393, 9815, 9889]
39 [303, 355, 634, 672, 700, 730, 990, 1114, 1248, 1804, 1958, 1959, 1978, 2412, 3024, 3189, 3837, 5145, 5324, 6501, 6936, 6947, 7030, 7341, 7389, 7738, 7832, 7835, 7877, 7888, 8129, 8659, 8837, 8925, 9007, 9195, 9411, 9555, 9893]
26 [14, 359, 794, 1131, 1286, 1891, 2193, 3809, 3835, 3950, 4060, 4136, 4733, 5088, 5883, 6214, 6254, 6689, 7213, 7467, 8099, 8176, 9069, 9330, 9641, 9753]
22 [434, 1492, 1519, 1554, 1679, 2140, 2674, 4283, 4964, 5455, 5563, 5587, 5997, 6014, 6842, 6992, 7153, 8566, 8874, 9590, 9771, 9986]
41 [224, 348, 382, 498, 999, 1063, 1066, 1073, 1208, 1326, 1382, 1790, 1805, 2028, 2725, 2860, 3127, 3337, 3747, 4429, 4609, 4644, 4809, 5168, 5663, 5984, 6494, 6576, 6635, 6793, 7296, 7601, 7753, 8148, 8308, 8451, 8473, 9292, 9684, 9713, 9926]
30 [313, 465, 619, 708, 1282, 1427, 2215, 2664, 2695, 2855, 3262, 3704, 4022, 4104, 4141, 4309, 4405, 4922, 5171, 5174, 5485, 7021, 7184, 7413, 7844, 7850, 8045, 9483, 9527, 9935]
25 [521, 759, 927, 1137, 1292, 1676, 1920, 2134, 2243, 2966, 3315, 3733, 4288, 5140, 5561, 5858, 6422, 6740, 7648, 7864, 8257, 8499, 9174, 9196, 9608]
29 [6, 247, 691, 805, 854, 1183, 1357, 1830, 2100, 2641, 2780, 2838, 3612, 3735, 4562, 5157, 5756, 5801, 5972, 6362, 6455, 7324, 7963, 8094, 8261, 8430, 8790, 9192, 9791]
26 [207, 343, 1043, 1259, 1882, 2154, 2453, 2549, 2617, 3234, 3636, 3676, 4891, 5186, 5753, 6309, 6363, 6368, 6409, 6928, 7126, 7319, 7978, 8023, 8323, 9599]
28 [340, 578, 988, 2047, 2049, 2792, 2843, 3335, 3784, 4345, 4695, 4767, 4803, 5936, 6358, 7033, 7209, 7731, 7945, 8331, 8378, 8479, 8751, 8842, 9382, 9473, 9552, 9834]
26 [11, 370, 376, 612, 1315, 2358, 2972, 3009, 3761, 4480, 4878, 5072, 5261, 5482, 5567, 5798, 6209, 6538, 6845, 7613, 7693, 7929, 8169, 8401, 8453, 9548]
29 [497, 745, 852, 1132, 2436, 3555, 3770, 3805, 3825, 3944, 4606, 4634, 4727, 4994, 5495, 5971, 6465, 7494, 7553, 7562, 7686, 8564, 8720, 8852, 8873, 8904, 9388, 9558, 9657]
35 [99, 226, 347, 553, 859, 937, 1045, 1466, 1733, 2661, 3028, 3075, 3226, 3435, 3616, 3621, 3741, 3978, 4324, 4560, 4776, 5375, 5555, 5945, 5953, 7292, 7474, 8673, 9121, 9258, 9314, 9323, 9429, 9533, 9814]
17 [409, 1470, 1988, 2371, 2514, 2994, 3043, 3670, 3781, 4428, 5580, 5729, 7124, 7499, 8226, 9022, 9079]
23 [483, 549, 1365, 1629, 1700, 1874, 2127, 3220, 3299, 3509, 3661, 4036, 4199, 4224, 4306, 5795, 5860, 5875, 6202, 6228, 6487, 6640, 9496]
34 [261, 541, 713, 732, 777, 899, 998, 1242, 1415, 1635, 1672, 1854, 1925, 2919, 3548, 4396, 5032, 5051, 5356, 5570, 5849, 5916, 5950, 6055, 6655, 7650, 7734, 8104, 8537, 8797, 8920, 8936, 9202, 9497]
29 [349, 414, 685, 897, 943, 1122, 1193, 2858, 3915, 3992, 4043, 4109, 4278, 4980, 5213, 5701, 6876, 7001, 7012, 7944, 8064, 8078, 8722, 8803, 9035, 9276, 9564, 9639, 9744]
18 [747, 751, 1190, 1498, 1564, 1606, 1631, 2284, 2515, 2783, 4320, 4339, 4542, 4982, 6240, 6489, 7222, 7798]
27 [796, 914, 1041, 2088, 3121, 3247, 3282, 3391, 3649, 3868, 4357, 4362, 4593, 4799, 5068, 5439, 5465, 5573, 5608, 6552, 7602, 8136, 8478, 9300, 9480, 9573, 9946]
30 [180, 294, 806, 2130, 2259, 2433, 2650, 2874, 3288, 3441, 3754, 3852, 3999, 4083, 4541, 5326, 5441, 5653, 5741, 6047, 6334, 6521, 7866, 8202, 8621, 8709, 9098, 9287, 9723, 9891]
30 [356, 953, 1273, 1433, 1514, 1647, 2141, 2422, 2739, 2746, 2862, 4017, 4423, 4906, 5078, 5710, 7100, 7498, 7582, 7814, 7819, 8143, 8468, 8664, 8741, 8973, 9038, 9125, 9421, 9837]
26 [150, 585, 1391, 1460, 1479, 1798, 1868, 2315, 2419, 3854, 4292, 4491, 4959, 5766, 6119, 6218, 6527, 7383, 8162, 8327, 8392, 8526, 8694, 8738, 8987, 9054]
29 [172, 518, 1141, 1372, 1600, 1665, 2053, 2281, 2368, 2605, 3011, 3822, 4197, 4219, 4559, 4571, 4647, 4856, 5134, 5515, 5818, 6216, 6314, 6773, 8574, 8719, 8736, 8778, 9701]
25 [394, 686, 813, 968, 1078, 1471, 2092, 2452, 3236, 3674, 4471, 6074, 6129, 6496, 6895, 6925, 7120, 7675, 7954, 8105, 9259, 9574, 9686, 9741, 9965]
34 [548, 883, 1160, 1648, 2387, 2865, 3027, 3030, 3328, 3936, 4011, 4131, 4221, 4901, 4904, 4921, 5619, 6089, 6126, 6779, 7356, 7385, 7574, 8097, 8144, 8455, 8582, 8592, 8668, 8716, 8993, 9065, 9812, 9934]
27 [451, 504, 605, 1713, 1984, 2532, 2550, 2970, 3175, 3424, 4889, 5338, 5354, 5385, 5925, 6174, 6410, 6619, 6626, 8220, 8287, 8337, 8811, 8863, 8867, 9338, 9868]
21 [1283, 1310, 1343, 1837, 2297, 2441, 2450, 2555, 2607, 2912, 4911, 5499, 6131, 6865, 8021, 8426, 8440, 9076, 9265, 9557, 9907]
28 [87, 218, 433, 921, 1025, 1196, 1850, 2031, 3662, 3685, 3846, 4514, 4746, 4890, 4996, 5393, 6106, 6380, 6396, 7304, 7453, 7514, 7571, 7831, 8073, 8206, 8752, 8865]
25 [930, 1392, 1678, 1763, 1888, 1948, 2013, 2801, 2802, 3034, 3228, 3443, 4062, 4793, 5010, 5163, 5321, 5856, 8522, 8546, 8577, 8979, 9306, 9355, 9584]
19 [77, 91, 652, 1171, 1336, 1395, 1523, 2616, 2642, 3361, 3511, 4081, 4566, 4599, 6904, 7742, 7775, 8249, 9949]
31 [97, 407, 845, 1818, 1848, 2282, 2330, 2857, 2942, 3152, 3560, 3697, 3791, 4099, 4712, 5363, 5408, 5569, 5599, 5887, 6151, 6500, 6984, 7073, 7146, 7314, 7363, 7431, 7634, 7700, 8370]
25 [575, 1090, 2174, 2480, 3167, 3432, 4105, 4547, 4657, 4703, 5075, 5280, 5885, 6192, 6407, 6988, 7158, 7407, 7596, 9112, 9337, 9879, 9901, 9939, 9990]
23 [156, 1019, 1067, 1118, 2156, 2214, 3195, 3779, 4008, 4450, 4575, 5477, 6631, 6715, 6877, 6957, 7082, 8348, 8374, 8405, 8539, 9784, 9955]
19 [60, 485, 841, 1475, 1974, 3440, 3521, 4261, 4900, 4949, 5069, 5852, 6463, 7240, 7396, 7625, 7639, 8160, 8995]
34 [66, 312, 421, 1296, 1827, 2070, 2492, 2935, 3065, 3559, 3570, 5258, 5306, 5417, 5436, 5810, 5901, 6415, 6454, 6893, 6919, 6934, 7597, 7883, 8074, 8289, 8297, 8506, 8970, 8983, 9272, 9408, 9475, 9740]
35 [36, 120, 255, 1111, 1322, 1531, 1609, 1715, 1835, 1879, 2052, 2336, 2863, 3151, 3157, 3486, 4356, 4446, 4475, 4586, 4701, 4834, 4998, 5301, 5634, 6204, 6917, 6996, 8116, 8831, 8853, 9390, 9615, 9637, 9721]
26 [59, 840, 2177, 3149, 3350, 3409, 4054, 4583, 4698, 4893, 5133, 5590, 5628, 5648, 5728, 6236, 6420, 7180, 7227, 7572, 8110, 8146, 8509, 8810, 8933, 8968]
30 [1441, 2129, 2736, 2969, 3057, 3064, 3426, 3484, 3701, 3799, 3826, 3988, 4007, 4406, 4431, 4441, 4451, 4719, 4883, 4975, 5862, 6549, 6699, 7224, 7787, 8108, 8541, 9000, 9654, 9785]
32 [635, 1674, 1940, 1943, 2435, 2539, 2606, 2717, 2719, 2891, 3736, 4152, 4157, 4243, 4325, 4611, 4880, 4950, 5400, 5644, 5692, 5702, 6249, 6504, 6921, 7161, 8246, 8868, 9274, 9307, 9673, 9803]
23 [1140, 1652, 2257, 2830, 3549, 4067, 4158, 4302, 5105, 6303, 6604, 6681, 6795, 6836, 7817, 7909, 7985, 8368, 8424, 8947, 9343, 9575, 9700]
24 [256, 1034, 1560, 1598, 1778, 1821, 2479, 2491, 3039, 3118, 3480, 3756, 5468, 6251, 6611, 7380, 7443, 7554, 7901, 8276, 8530, 9235, 9322, 9524]
34 [175, 556, 659, 742, 1022, 1109, 1416, 1641, 1730, 1989, 2241, 2487, 2983, 3068, 3150, 3162, 3287, 3327, 3658, 3908, 3966, 4494, 4533, 4607, 4777, 6056, 6499, 6646, 6676, 6712, 7301, 7903, 8696, 9135]
22 [720, 1225, 1228, 1681, 1946, 2256, 2600, 2816, 2882, 3639, 4148, 5762, 5899, 6707, 6868, 6916, 7813, 8427, 8935, 9002, 9764, 9770]
22 [282, 595, 1607, 2093, 2727, 2793, 3016, 3306, 3585, 3965, 4182, 4478, 5378, 5690, 7132, 7629, 7667, 7673, 8128, 8735, 9315, 9415]
28 [489, 657, 1162, 1503, 1799, 2258, 2567, 3089, 3536, 3694, 4497, 4676, 4685, 5024, 5414, 5500, 5813, 6050, 6341, 6714, 7502, 7524, 8028, 8056, 8729, 8796, 9091, 9389]
32 [98, 158, 197, 756, 922, 961, 1169, 1349, 1579, 1724, 2206, 2551, 3115, 3344, 3526, 3758, 3929, 4121, 4521, 4794, 5418, 6803, 6907, 6974, 7162, 7868, 8052, 8102, 8547, 8740, 9630, 9828]
33 [766, 773, 1264, 1562, 2096, 2301, 2506, 2569, 3245, 3633, 4582, 4757, 4941, 5208, 5362, 6052, 6137, 6191, 6313, 6339, 6577, 6592, 6594, 6602, 6768, 7026, 7134, 7506, 8645, 8759, 8791, 9484, 9617]
27 [393, 1599, 2430, 2869, 3133, 3862, 3918, 3977, 4072, 4285, 4433, 5382, 6366, 6367, 6436, 6535, 6923, 7046, 7079, 7223, 7948, 8163, 8501, 8701, 9191, 9474, 9635]
25 [1294, 1591, 2001, 2988, 3222, 3413, 4015, 4026, 4860, 5652, 6084, 6306, 6447, 6598, 6610, 7263, 7531, 7612, 7636, 8053, 8087, 8662, 9372, 9396, 9580]
28 [74, 284, 403, 530, 1017, 1534, 1680, 2339, 2599, 2846, 3283, 3531, 3598, 3718, 4496, 5141, 5197, 5205, 5470, 5703, 5958, 6951, 7083, 7884, 8279, 8507, 9036, 9168]
32 [640, 692, 870, 1707, 2019, 2439, 2768, 2881, 3957, 4132, 4780, 4915, 5359, 5890, 5949, 6617, 6713, 6939, 7107, 7117, 7137, 7387, 7703, 8253, 8505, 8510, 8576, 8862, 8923, 9020, 9142, 9398]
23 [568, 722, 1418, 2597, 3300, 3556, 3797, 5290, 5433, 6268, 6915, 6942, 7346, 7442, 7565, 8380, 8397, 8847, 8959, 9267, 9310, 9313, 9756]
34 [384, 454, 471, 889, 985, 1158, 1411, 2138, 2227, 2386, 3793, 3875, 3974, 4387, 4420, 4664, 5857, 6051, 6070, 6142, 6241, 6307, 7049, 7312, 7331, 7406, 7416, 7549, 7768, 8373, 8476, 8561, 8604, 9084]
29 [102, 106, 416, 418, 797, 1425, 2537, 2613, 2818, 2923, 2941, 4174, 4418, 4510, 4991, 5042, 5585, 5657, 5871, 6180, 6277, 6875, 7610, 7840, 8039, 8442, 8866, 9414, 9629]
24 [20, 196, 250, 935, 997, 1698, 1942, 2340, 3774, 4273, 4399, 4539, 5680, 6252, 6398, 6742, 6775, 7091, 7338, 8123, 8274, 8784, 9218, 9660]
20 [27, 201, 1051, 1459, 2124, 2472, 2991, 3654, 3708, 3938, 5542, 5808, 5830, 6539, 7692, 7806, 7991, 8359, 8988, 9351]
28 [117, 1301, 2133, 2306, 2434, 2672, 4411, 4580, 4870, 5043, 5065, 6430, 7054, 7576, 7578, 8007, 8124, 8332, 8361, 8825, 8896, 9327, 9387, 9469, 9670, 9683, 9806, 9871]
29 [601, 709, 746, 2086, 2361, 2469, 3044, 3235, 3404, 3466, 3859, 4000, 4012, 4369, 4702, 5409, 5532, 5667, 5842, 6234, 6438, 7011, 8126, 8779, 9149, 9175, 9326, 9545, 9881]
20 [108, 121, 204, 565, 1369, 1950, 2460, 3574, 3632, 4013, 5310, 5412, 5560, 7176, 7518, 7799, 7892, 8001, 8718, 8891]
29 [31, 333, 567, 1588, 2082, 2581, 2632, 2807, 3373, 3375, 3493, 3551, 3675, 4382, 5022, 5497, 5748, 5829, 5847, 6001, 6349, 6780, 6995, 7212, 7745, 7993, 9068, 9428, 9748]
22 [219, 302, 1015, 1313, 1413, 1671, 1757, 2102, 4079, 4095, 4449, 5396, 5686, 5946, 6253, 7164, 7791, 8605, 9044, 9186, 9583, 9911]
27 [515, 718, 781, 928, 1280, 1325, 2560, 3538, 3611, 3655, 3723, 3764, 4164, 4427, 4716, 4823, 5131, 5956, 6182, 6212, 6445, 6881, 6938, 7825, 8262, 9264, 9438]
36 [126, 148, 514, 573, 600, 675, 1100, 1218, 1276, 1572, 2757, 3128, 3143, 3423, 3523, 3808, 5432, 5724, 5853, 5909, 5921, 6130, 6728, 6823, 6834, 6972, 7059, 7217, 7384, 7847, 7908, 8463, 8893, 9193, 9479, 9618]
26 [61, 94, 1117, 1135, 1504, 1829, 2149, 3113, 3444, 3546, 3883, 3947, 4721, 4800, 5449, 5759, 5863, 6738, 6866, 7002, 7418, 7522, 8781, 8934, 9223, 9253]
26 [55, 288, 519, 1155, 1226, 1539, 1801, 2741, 2866, 2961, 3199, 3830, 3969, 5260, 6098, 6121, 6517, 7573, 7785, 7839, 8494, 8683, 8703, 8765, 8957, 9971]
27 [587, 1020, 1684, 1861, 1936, 2604, 2887, 2959, 4051, 4175, 4315, 4425, 5785, 6510, 7362, 7394, 7810, 7876, 8042, 8386, 8500, 8941, 8949, 9017, 9503, 9631, 9818]
36 [278, 561, 754, 844, 865, 893, 1126, 1285, 1480, 1524, 1527, 3367, 3489, 3647, 3804, 3823, 3923, 4443, 4666, 4781, 4795, 5335, 6078, 6127, 6530, 6587, 7402, 7934, 8107, 8555, 8795, 8885, 9489, 9794, 9900, 9995]
26 [104, 368, 427, 892, 951, 1396, 2118, 2709, 2786, 3501, 4723, 4948, 4962, 5026, 6122, 6161, 6979, 7815, 7947, 8772, 8794, 8903, 9055, 9132, 9215, 9953]
25 [96, 132, 552, 1309, 2104, 2107, 2429, 3105, 3201, 3525, 3879, 3892, 4216, 4737, 4765, 4909, 5712, 5843, 7130, 7511, 7513, 8058, 8565, 8999, 9358]
19 [88, 1661, 1759, 1836, 2524, 3311, 3724, 4503, 5270, 5427, 5481, 6008, 6544, 7559, 7828, 7875, 7994, 8400, 9553]
26 [737, 808, 1059, 1550, 1754, 1886, 2449, 2791, 3746, 4147, 4358, 4421, 5016, 5064, 5102, 5118, 5969, 6961, 7042, 7230, 7307, 8199, 8587, 8723, 9087, 9908]
34 [166, 891, 1050, 1082, 1216, 1370, 1506, 1536, 1849, 3131, 3498, 3610, 3840, 3897, 4093, 4408, 4842, 5325, 5445, 5600, 5974, 6564, 6744, 7061, 7065, 7375, 7969, 8221, 8330, 9209, 9269, 9357, 9380, 9909]
29 [425, 779, 1438, 1497, 1865, 2224, 2248, 2280, 2326, 2365, 2499, 2765, 4091, 4237, 5264, 5353, 5923, 5990, 6189, 6217, 6403, 6739, 7027, 7906, 8299, 9368, 9450, 9556, 9825]
32 [371, 397, 576, 1240, 2272, 2538, 2541, 2973, 3494, 3563, 3731, 4039, 4252, 4700, 4933, 4963, 6215, 6284, 6688, 6693, 6760, 6849, 7129, 7281, 8502, 8616, 8633, 8775, 8776, 8788, 8846, 9910]
35 [590, 1006, 1102, 1253, 1499, 1663, 1906, 2039, 2700, 3026, 3456, 3688, 4784, 5097, 5450, 5709, 5742, 5746, 6335, 6429, 6541, 7014, 7265, 7595, 7704, 8438, 8524, 8532, 8895, 8918, 9062, 9255, 9262, 9270, 9985]
31 [1334, 1666, 1762, 1954, 2198, 2475, 3087, 3168, 3218, 3810, 3860, 4265, 4568, 4655, 4741, 5044, 5451, 5689, 6183, 6449, 6914, 7122, 7237, 7333, 8533, 8704, 8799, 8871, 9213, 9309, 9846]
29 [908, 944, 1163, 1229, 1324, 2194, 2225, 2618, 2668, 3359, 4303, 5182, 6230, 6543, 7202, 7279, 7608, 8388, 8445, 8764, 8793, 8859, 8907, 9013, 9363, 9365, 9509, 9517, 9576]
30 [116, 165, 223, 864, 1062, 1350, 1463, 2041, 2169, 2656, 2914, 2930, 3979, 4281, 4360, 4392, 4617, 5112, 5473, 6030, 6166, 6235, 6813, 7195, 7591, 7781, 7854, 8420, 9532, 9539]
22 [404, 408, 445, 502, 1926, 2763, 3111, 3342, 3499, 4715, 4938, 5221, 5428, 5811, 7334, 8132, 8247, 8321, 8375, 8856, 8881, 9005]
33 [90, 472, 803, 814, 982, 1249, 1465, 2201, 2346, 2879, 2905, 2913, 3293, 3589, 4289, 4298, 4632, 4864, 5271, 5611, 5734, 5815, 5941, 6315, 6783, 6831, 7101, 7401, 7834, 8432, 9162, 9399, 9531]
31 [92, 136, 628, 941, 1473, 1577, 2126, 2369, 2817, 4094, 4102, 4416, 4487, 4769, 4934, 5074, 5410, 5505, 5911, 6100, 6302, 7085, 7411, 8724, 8915, 9096, 9454, 9495, 9628, 9824, 9905]
32 [391, 821, 971, 1725, 2145, 2501, 2772, 3387, 3449, 4010, 4570, 4598, 4628, 4843, 4988, 5232, 5617, 5639, 5737, 6431, 6512, 6680, 6703, 6791, 6825, 7325, 7910, 8038, 8648, 8833, 9460, 9731]
32 [38, 144, 594, 724, 938, 1371, 2184, 2918, 3982, 4142, 4316, 4347, 4409, 4437, 4775, 4957, 5018, 5063, 5636, 5672, 5826, 6029, 6464, 6748, 7166, 7201, 7206, 7757, 8269, 9147, 9967, 9991]
44 [297, 431, 1352, 1364, 1509, 1664, 1738, 1897, 2190, 2273, 2458, 2542, 3176, 3184, 3439, 3506, 3557, 3627, 3699, 3737, 4135, 4254, 4551, 4696, 4758, 4820, 4936, 5050, 5593, 5641, 5910, 6094, 6731, 6755, 7204, 7449, 7492, 7893, 8268, 9039, 9172, 9585, 9680, 9945]
36 [335, 493, 1042, 1496, 2065, 2203, 2416, 2596, 2759, 2946, 3046, 3945, 4092, 4372, 4414, 4572, 4844, 4903, 5124, 5931, 6444, 6529, 6560, 6708, 6789, 7093, 7284, 7552, 8082, 8093, 8181, 8687, 8785, 8926, 9436, 9808]
24 [202, 880, 1150, 1221, 1231, 1822, 2916, 3090, 3214, 3752, 3888, 3917, 4340, 4877, 6205, 6394, 6561, 7890, 8201, 8312, 8882, 8908, 8954, 9499]
31 [205, 683, 834, 950, 956, 957, 2150, 2152, 2321, 2448, 2630, 3250, 3535, 3732, 3890, 4207, 4804, 5193, 5512, 5951, 6031, 6630, 6782, 6930, 7018, 7445, 8496, 8538, 8747, 9465, 9795]
39 [123, 460, 494, 551, 1134, 1493, 2000, 2055, 2283, 2654, 2683, 3153, 3580, 3916, 4172, 4205, 4230, 4284, 4379, 4438, 4796, 5101, 5106, 5649, 5745, 6155, 6711, 6810, 7393, 7429, 7604, 8353, 8437, 8679, 8913, 8984, 9140, 9189, 9976]
22 [163, 597, 792, 1729, 2115, 2389, 2507, 2571, 2614, 2750, 2834, 2927, 2945, 3884, 4096, 4961, 5189, 5263, 6053, 6177, 7344, 8924]
28 [283, 1819, 1860, 2056, 2354, 2474, 2529, 2639, 2690, 3205, 3271, 4355, 4508, 5423, 5586, 5791, 6326, 6370, 6482, 6540, 6696, 7171, 7873, 8141, 8316, 8600, 9146, 9947]
26 [198, 308, 531, 727, 749, 1761, 1873, 1970, 2180, 2968, 3154, 3475, 3686, 3838, 4210, 4377, 4690, 4731, 5085, 5109, 6624, 8763, 9319, 9395, 9423, 9476]
36 [361, 379, 492, 881, 1125, 1262, 1522, 1766, 1841, 1842, 1918, 2269, 2293, 2680, 2964, 2992, 3084, 3722, 3727, 4168, 4653, 5142, 5770, 5859, 5898, 5962, 6025, 6340, 7620, 7685, 7756, 8168, 8800, 9593, 9697, 9899]
34 [799, 1348, 1569, 2520, 2589, 2730, 3117, 3504, 3913, 4194, 4312, 4493, 5029, 5568, 5837, 6113, 6117, 6524, 7436, 7769, 7988, 8051, 8425, 8835, 8889, 9080, 9207, 9210, 9501, 9634, 9648, 9821, 9914, 9998]
19 [1001, 1092, 1794, 2252, 2737, 2813, 3393, 3457, 3495, 3716, 3750, 3975, 5297, 7933, 7962, 8175, 8197, 9514, 9860]
23 [468, 542, 1202, 2231, 2894, 2922, 3223, 3358, 4305, 5172, 5214, 6188, 7017, 7138, 7507, 7561, 7744, 8135, 8258, 8622, 9285, 9348, 9468]
28 [139, 268, 662, 856, 1237, 1390, 1516, 1610, 1688, 2233, 3425, 3515, 3734, 3786, 3821, 3934, 4386, 4447, 4866, 6105, 6232, 7268, 7388, 7495, 7558, 8460, 8986, 9027]
24 [78, 1461, 1673, 2481, 2854, 3870, 4465, 4990, 5041, 5434, 6506, 6509, 7278, 7476, 7556, 7662, 7780, 7853, 7871, 8381, 8787, 9446, 9827, 9882]
23 [527, 1159, 1272, 1300, 1419, 1520, 1675, 2861, 3270, 3848, 4512, 5121, 5543, 5656, 6147, 7303, 7684, 7824, 7917, 8465, 8497, 8558, 9281]
38 [217, 280, 339, 503, 1192, 1377, 1513, 1772, 1793, 2058, 2638, 3353, 3420, 3776, 4180, 4229, 4323, 4833, 4868, 5056, 5498, 5597, 5809, 5841, 6039, 6323, 6379, 6625, 6643, 7095, 7141, 7316, 7718, 8154, 8474, 8520, 9222, 9530]
27 [33, 222, 238, 260, 2821, 2823, 3267, 3459, 3568, 4033, 4728, 4832, 4895, 5184, 5625, 5640, 5824, 6547, 7466, 7547, 7644, 7709, 7999, 8200, 8441, 8808, 9176]
26 [174, 1267, 1312, 1656, 2517, 2761, 2956, 3207, 3326, 3365, 3940, 5912, 5970, 6063, 6193, 6296, 6651, 6654, 6700, 6824, 7090, 7369, 8227, 8516, 8768, 9874]
27 [167, 234, 413, 676, 1072, 1568, 2037, 2766, 2987, 3447, 3517, 3738, 4654, 5015, 5091, 5733, 5764, 6461, 6785, 7028, 7774, 8584, 8607, 9070, 9090, 9184, 9391]
29 [245, 298, 1973, 2291, 2338, 2342, 2394, 2797, 3081, 3188, 3239, 3715, 4045, 4330, 4504, 4643, 4762, 5206, 5927, 6702, 6721, 6859, 7378, 7581, 7764, 7949, 8156, 9297, 9960]
25 [1238, 1332, 1387, 1429, 1972, 2046, 2087, 2304, 2440, 2580, 2587, 2836, 3436, 4350, 4500, 4645, 6291, 6582, 6851, 7069, 7784, 7803, 8095, 8644, 9126]
26 [133, 611, 1260, 1383, 1634, 2308, 2685, 2872, 3014, 3408, 3453, 4300, 4706, 5146, 5207, 5878, 5944, 5963, 6027, 6830, 7172, 7419, 7500, 7538, 8054, 8484]
32 [363, 592, 790, 828, 1247, 1412, 1701, 1907, 1957, 2144, 3297, 3702, 4044, 4829, 5517, 5622, 5806, 5838, 6021, 6071, 6245, 6248, 7113, 7128, 7156, 7293, 7983, 8628, 8951, 9525, 9902, 9980]
31 [193, 338, 566, 945, 1311, 1717, 2305, 2904, 3569, 3877, 4027, 4412, 4498, 4673, 4682, 5054, 5713, 6305, 6418, 7041, 7109, 7267, 7940, 7941, 8208, 8399, 8573, 9150, 9181, 9301, 9979]
24 [44, 122, 758, 919, 989, 2408, 2565, 3257, 3363, 3380, 3491, 3554, 3584, 3684, 4663, 5658, 5788, 6167, 6176, 6259, 6749, 6822, 9455, 9952]
33 [782, 1476, 1811, 1857, 1859, 3104, 3249, 3251, 4151, 4276, 4851, 4876, 5150, 5504, 5613, 5616, 5627, 5772, 6065, 6400, 6477, 6483, 6620, 6781, 7106, 7149, 7233, 7283, 7671, 7885, 7959, 7986, 9759]
30 [1105, 1174, 1386, 1789, 1899, 1917, 2090, 2120, 3004, 3005, 3263, 3433, 3814, 4178, 4322, 4476, 4718, 4764, 5458, 6083, 6274, 6321, 7379, 7691, 7887, 7915, 8357, 8653, 9148, 9183]
23 [37, 351, 629, 761, 815, 1002, 1749, 2015, 3583, 3666, 3861, 4215, 4513, 6068, 6526, 6548, 6572, 7354, 7486, 7621, 8303, 8328, 9441]
29 [1546, 1871, 2249, 2509, 2738, 2760, 4140, 4269, 4525, 4612, 4955, 4971, 4993, 5252, 6219, 7651, 7747, 7918, 8147, 8215, 8508, 8549, 8567, 8897, 9405, 9487, 9561, 9754, 9897]
25 [21, 326, 978, 1241, 1961, 2277, 2319, 2483, 2645, 2790, 3659, 4579, 5084, 5238, 6298, 6730, 7098, 7116, 7496, 8355, 8446, 8515, 8536, 8757, 9906]
27 [105, 374, 579, 767, 894, 1005, 1246, 1316, 2381, 2825, 3346, 3516, 4463, 4892, 5279, 5509, 5988, 6614, 7007, 7251, 7481, 7624, 7730, 7968, 8685, 9810, 9854]
26 [153, 562, 861, 1107, 1399, 1578, 1592, 1637, 1851, 2777, 3029, 3238, 3454, 3496, 3863, 4914, 5129, 6628, 6861, 8013, 8410, 8482, 8758, 8858, 8876, 9486]
30 [71, 124, 292, 486, 2167, 2704, 2819, 2939, 3148, 3407, 3679, 3772, 4078, 4331, 4835, 4837, 4960, 5083, 5094, 6090, 6158, 6300, 6342, 6381, 7517, 8061, 9252, 9440, 9560, 9836]
28 [1060, 1084, 1808, 2151, 3415, 4352, 4603, 4884, 5020, 5144, 5228, 5355, 5930, 6263, 6288, 6378, 6567, 6885, 7163, 7274, 7932, 7997, 8467, 8967, 9153, 9412, 9866, 9981]
26 [210, 911, 1342, 1535, 1575, 1691, 2708, 3370, 3431, 4154, 4247, 5486, 5695, 5743, 5786, 5906, 6503, 6545, 7127, 8394, 8782, 8930, 9427, 9522, 9667, 9796]
27 [263, 1089, 1095, 2842, 2909, 2981, 3215, 3643, 3802, 4145, 4928, 5219, 5236, 5489, 5933, 6690, 6750, 7323, 7802, 8948, 8962, 9086, 9094, 9334, 9431, 9616, 9927]
30 [75, 86, 155, 435, 538, 890, 1896, 2585, 2598, 2744, 3007, 3960, 4113, 4753, 4919, 4926, 5523, 5805, 6140, 6698, 7110, 7711, 8125, 8518, 8804, 8813, 9023, 9237, 9254, 9716]
30 [310, 775, 1033, 1094, 1258, 1570, 2153, 2362, 2892, 3163, 3472, 3638, 3858, 4299, 4385, 4872, 5052, 5266, 5765, 5789, 5960, 6402, 6880, 6945, 7789, 7870, 8943, 8961, 9185, 9250]
29 [613, 885, 1589, 1731, 1833, 2059, 2185, 2234, 2485, 2985, 3329, 3405, 3418, 3532, 3994, 4020, 4384, 4831, 5642, 6478, 6546, 8006, 8077, 8213, 8416, 9097, 9653, 9688, 9708]
22 [274, 447, 524, 1194, 1863, 2837, 3347, 3817, 4031, 4137, 4222, 4319, 5296, 5320, 5435, 5534, 6908, 7732, 8300, 8602, 8870, 9385]
37 [140, 729, 830, 902, 1113, 1512, 1593, 1705, 2352, 2808, 3114, 3603, 3650, 3707, 3893, 3906, 4042, 4124, 4233, 5076, 5388, 5527, 5940, 6019, 6581, 7270, 7793, 7953, 8272, 8627, 8823, 8844, 9075, 9165, 9173, 9407, 9712]
33 [211, 627, 650, 823, 1021, 1252, 1765, 1800, 2402, 2663, 3066, 3485, 4489, 4595, 4633, 4675, 4679, 4908, 5046, 5437, 5474, 5501, 5522, 6194, 6675, 6952, 7066, 7661, 8167, 8861, 8952, 9158, 9199]
29 [56, 337, 636, 848, 2131, 2166, 2334, 2552, 2989, 3296, 3529, 4604, 4662, 4944, 5784, 5844, 7189, 7468, 7560, 7706, 7748, 8457, 8692, 9295, 9335, 9449, 9589, 9604, 9732]
26 [151, 496, 1243, 1293, 1683, 2978, 3136, 3958, 4314, 5031, 5117, 6376, 6542, 7450, 7668, 7955, 8018, 8493, 8594, 8754, 8912, 9077, 9102, 9848, 9864, 9964]
28 [323, 378, 558, 855, 1026, 1695, 1976, 2307, 2666, 2701, 4018, 4709, 5061, 5398, 5872, 6266, 6480, 6897, 7386, 7641, 8091, 8620, 9166, 9290, 9541, 9656, 9717, 9975]
42 [73, 319, 763, 931, 1018, 1106, 1462, 1557, 1596, 1884, 2353, 2379, 2873, 3170, 3450, 3689, 4089, 5025, 5202, 5239, 6108, 6173, 6563, 6747, 6761, 6819, 7528, 7583, 7663, 7919, 8076, 8235, 8260, 8298, 8324, 8338, 8384, 8632, 8826, 8832, 9715, 9951]
32 [29, 667, 710, 1209, 1502, 1788, 3160, 3186, 3233, 3740, 4003, 4343, 4787, 6481, 6484, 6837, 6839, 7151, 7348, 7723, 7772, 7867, 7987, 8244, 8322, 8340, 8828, 8922, 8978, 9161, 9567, 9913]
28 [835, 1344, 1815, 2209, 3332, 3833, 3847, 3955, 4454, 4855, 4910, 5077, 5113, 5846, 5865, 6088, 6686, 6745, 7125, 7210, 7584, 8349, 8894, 9092, 9212, 9679, 9724, 9931]
30 [1199, 1233, 1408, 1467, 1622, 2260, 2270, 3146, 4101, 4364, 5011, 5082, 5087, 5796, 6470, 6472, 6692, 7068, 7123, 7261, 7355, 7490, 7523, 7865, 8118, 8396, 8470, 9160, 9736, 9992]
24 [375, 582, 791, 1975, 2658, 4028, 4361, 4485, 4636, 4790, 4808, 4861, 5654, 5869, 6199, 6354, 6733, 6787, 6807, 6950, 7142, 8658, 8753, 9114]
20 [101, 249, 656, 1093, 1363, 2313, 4365, 5162, 5308, 5360, 5544, 6110, 6476, 6858, 8275, 8414, 8519, 8562, 9333, 9852]
27 [0, 296, 480, 2040, 2300, 2615, 2749, 3972, 4368, 4785, 4937, 4958, 6618, 6678, 6943, 7063, 7347, 7912, 8071, 8256, 8548, 8636, 8728, 8745, 8780, 9321, 9430]
31 [1219, 1710, 2159, 3210, 3242, 3273, 3518, 3886, 4680, 5035, 5394, 5802, 6278, 6346, 6419, 6421, 6784, 6798, 7257, 7352, 7786, 8034, 8346, 8531, 8654, 8665, 8850, 9030, 9230, 9482, 9749]
26 [488, 772, 780, 1080, 1333, 1481, 1626, 2239, 2867, 2902, 2928, 2971, 3997, 4488, 4540, 4597, 4946, 5224, 5245, 5322, 5344, 5670, 6371, 6828, 9600, 9835]
24 [279, 1640, 1693, 2324, 3478, 3794, 3869, 4335, 4534, 4816, 5190, 6048, 6243, 6269, 6998, 7070, 7721, 7736, 7851, 7855, 7995, 8363, 8464, 8626]
34 [331, 430, 461, 851, 1112, 1156, 1540, 1633, 1645, 2468, 2540, 2899, 3073, 3265, 3279, 3383, 3402, 3762, 4869, 4888, 5200, 6442, 6776, 6814, 6967, 7055, 7235, 7964, 8415, 8569, 9048, 9535, 9704, 9904]
36 [630, 666, 932, 1403, 1452, 2117, 2123, 2278, 2546, 2811, 2893, 3158, 3211, 3579, 3594, 3839, 4123, 4260, 4376, 4515, 5254, 5403, 5459, 6095, 6157, 6672, 7078, 7448, 7676, 7823, 7976, 8428, 8712, 9203, 9606, 9612]
25 [315, 1101, 1255, 2667, 2856, 2870, 2924, 3244, 3681, 4001, 4213, 4256, 4277, 6873, 6991, 7653, 8589, 8615, 8625, 9033, 9247, 9581, 9671, 9674, 9823]
34 [146, 367, 423, 664, 875, 1178, 2669, 2675, 2984, 3377, 3488, 3729, 4304, 4505, 4646, 4665, 5211, 5268, 5358, 5845, 6187, 6265, 6377, 6452, 6709, 7459, 7733, 7977, 8342, 8393, 8477, 8726, 9865, 9984]
26 [237, 345, 354, 402, 1210, 1786, 1939, 2038, 2920, 3904, 4329, 4460, 5008, 5212, 5995, 6010, 6162, 6491, 6871, 7168, 7759, 7952, 8641, 8822, 9078, 9528]
18 [456, 1997, 2143, 2309, 3421, 3682, 4811, 6397, 6574, 7170, 7391, 7894, 8234, 8848, 8911, 9063, 9807, 9839]
28 [254, 439, 1123, 1170, 1308, 1337, 1547, 2113, 2392, 2652, 3182, 3550, 3641, 3668, 3911, 4040, 5330, 6608, 6976, 7509, 7714, 8251, 8748, 8878, 9170, 9543, 9898, 9966]
27 [866, 1277, 1779, 1782, 1810, 1878, 2109, 2516, 2731, 2809, 3782, 3880, 4308, 5014, 5156, 5183, 5697, 5717, 7004, 7654, 7754, 8556, 9003, 9046, 9299, 9457, 9940]
32 [168, 452, 860, 915, 975, 1359, 1690, 1887, 1916, 2098, 2574, 3088, 3187, 4029, 4217, 4916, 4967, 5225, 5442, 6123, 6197, 6273, 6841, 6935, 7131, 7544, 7695, 7922, 9157, 9586, 9598, 9702]
27 [13, 614, 811, 839, 1181, 1188, 1380, 1721, 1770, 1968, 1993, 2747, 3571, 3783, 3819, 3900, 4589, 5196, 5714, 5825, 5928, 6033, 6060, 6806, 6808, 6867, 7461]
30 [39, 145, 194, 604, 1056, 1151, 1455, 1913, 1956, 1992, 2111, 2584, 4619, 5060, 5148, 5222, 5589, 5615, 5685, 6005, 6058, 6382, 6468, 7716, 8290, 8568, 8816, 9244, 9588, 9887]
29 [214, 412, 1128, 1187, 1207, 1883, 2108, 4058, 4070, 4231, 4622, 4766, 4939, 5346, 5643, 5855, 5913, 5922, 6002, 6049, 6178, 6853, 7032, 7043, 7080, 7446, 8419, 9120, 9896]
28 [269, 428, 1206, 1449, 2101, 2136, 2142, 3345, 3578, 3634, 3811, 4002, 4467, 4511, 5040, 5274, 5460, 5957, 6649, 6662, 6932, 7351, 7452, 8254, 8364, 8884, 9266, 9578]
34 [544, 723, 1115, 1133, 1142, 1394, 1944, 2620, 2728, 3818, 4150, 4410, 4417, 6246, 6486, 6653, 6677, 7159, 7729, 7770, 7996, 8002, 8103, 8207, 8248, 8282, 8517, 8672, 8771, 9370, 9394, 9804, 9809, 9872]
24 [162, 1251, 1773, 2181, 2246, 2735, 3041, 3237, 3451, 4167, 4394, 4969, 5443, 5604, 6037, 6294, 6644, 7238, 7710, 8317, 8352, 8649, 8966, 9128]
35 [113, 215, 545, 802, 1055, 1494, 1986, 2023, 2045, 3080, 3307, 3567, 3614, 3726, 3853, 4342, 4538, 5751, 5880, 6091, 6222, 6683, 7259, 7975, 8067, 8159, 8281, 8283, 8471, 9138, 9579, 9582, 9696, 9919, 9956]
27 [206, 424, 610, 1121, 1297, 1329, 1521, 2179, 2237, 2814, 4192, 4381, 4574, 5247, 5402, 6337, 6716, 6764, 7471, 7694, 7741, 8057, 8165, 8365, 8575, 9439, 9760]
17 [432, 526, 1406, 1490, 2773, 3927, 3935, 4974, 5165, 5793, 6937, 7187, 7765, 8040, 8976, 9088, 9568]
34 [119, 185, 621, 771, 804, 1367, 1549, 1618, 1627, 2245, 2755, 2949, 3396, 3865, 4359, 4374, 4444, 5033, 5832, 6408, 6621, 6661, 7215, 7536, 7551, 7628, 7841, 8422, 8449, 8630, 9256, 9500, 9508, 9733]
33 [411, 559, 674, 1010, 1061, 1146, 1744, 2437, 2751, 2993, 3177, 3224, 3414, 3630, 3872, 3971, 3983, 4267, 4280, 4338, 6017, 6149, 6165, 6894, 7456, 7462, 8255, 8601, 8942, 9151, 9456, 9851, 9996]
28 [440, 1432, 2188, 2261, 2271, 2762, 3032, 3422, 3476, 3622, 4268, 4479, 4615, 5311, 5392, 6343, 6404, 6522, 6971, 7371, 7950, 8439, 8472, 8734, 9014, 9155, 9280, 9515]
33 [47, 48, 419, 1457, 1528, 1538, 1845, 2033, 2155, 2464, 2713, 2847, 3255, 4528, 4578, 4605, 5028, 5603, 5700, 5763, 5804, 6664, 7637, 7642, 7678, 7724, 8043, 8127, 8265, 8469, 8900, 9367, 9928]
29 [240, 905, 1040, 1379, 1474, 1526, 1639, 2908, 3069, 3091, 3275, 3308, 3816, 3902, 4473, 4798, 5021, 5111, 5164, 5257, 6645, 7472, 7616, 7659, 8304, 8845, 9288, 9592, 9729]
26 [665, 1983, 2012, 2121, 2332, 2343, 2473, 2796, 2975, 3657, 4536, 4750, 4945, 5659, 5661, 5677, 5738, 6287, 6467, 6729, 6753, 7277, 8098, 8613, 8617, 8756]
36 [85, 273, 386, 390, 507, 785, 850, 1003, 1668, 1774, 1825, 1932, 2333, 2471, 3455, 3514, 3887, 4218, 5185, 5305, 5370, 5407, 5708, 6190, 6516, 7067, 7148, 7205, 7779, 8112, 8489, 9031, 9100, 9341, 9459, 9624]
23 [83, 679, 863, 1426, 1500, 1615, 2445, 2543, 2566, 3314, 3507, 3962, 4021, 5286, 6175, 6694, 7543, 8228, 8581, 9012, 9177, 9442, 9718]
26 [69, 221, 443, 934, 981, 1330, 1792, 2110, 2244, 2518, 2595, 2890, 3061, 3269, 3635, 3751, 4030, 6941, 7256, 7473, 7746, 7984, 7990, 8062, 8624, 9595]
26 [608, 641, 1553, 1555, 1603, 2631, 2692, 3110, 3541, 4238, 4720, 5564, 5817, 6636, 7216, 7236, 7366, 8131, 8293, 8483, 8504, 8746, 8836, 9159, 9236, 9988]
32 [325, 820, 853, 1012, 1212, 1321, 2544, 2677, 2911, 3309, 4144, 4432, 4642, 4691, 4854, 4995, 5006, 5209, 5579, 5864, 6416, 6770, 6944, 7016, 7060, 7336, 7510, 7515, 7773, 8698, 8805, 9649]
49 [25, 270, 878, 984, 1108, 1551, 1979, 2401, 2812, 2957, 3082, 4187, 4403, 4484, 4499, 4806, 5114, 5154, 5438, 5531, 5873, 5886, 5926, 5929, 5937, 6102, 6258, 6375, 7025, 7175, 7305, 7501, 7520, 7569, 7570, 7946, 8069, 8086, 8152, 8178, 8529, 8671, 8762, 9289, 9397, 9587, 9694, 9829, 9972]
17 [43, 459, 577, 1605, 2391, 2486, 3125, 3795, 5120, 5149, 5259, 5591, 6766, 8286, 8305, 8535, 9371]
30 [143, 1048, 1077, 1375, 1451, 1542, 1654, 1807, 1938, 2662, 3003, 3605, 3637, 3882, 4295, 4549, 5278, 5609, 5884, 6327, 6331, 6391, 7672, 7860, 8017, 8048, 8182, 8609, 8691, 9506]
35 [2, 330, 392, 602, 1341, 1517, 1781, 1812, 1963, 2191, 2195, 4294, 4296, 4658, 5138, 5253, 5348, 5446, 5678, 6281, 6293, 7198, 7623, 7812, 7833, 8060, 8184, 8487, 8989, 9271, 9383, 9778, 9903, 9925, 9994]
25 [687, 917, 977, 1625, 2162, 2845, 3316, 4068, 4459, 4545, 4656, 4751, 4902, 5233, 5281, 6308, 6616, 7147, 7739, 7752, 8821, 9122, 9217, 9404, 9488]
29 [251, 534, 958, 2068, 2572, 2578, 3372, 3561, 3898, 4486, 5635, 6003, 6170, 6359, 6878, 7300, 7321, 7630, 7849, 7930, 8157, 8306, 8849, 8965, 8975, 9152, 9392, 9801, 9849]
28 [346, 358, 625, 1791, 2465, 2705, 2710, 2977, 4455, 4976, 5089, 5159, 5177, 5198, 5364, 5614, 6075, 6116, 6242, 6474, 6844, 7404, 7566, 7600, 7881, 7900, 9104, 9870]
29 [320, 528, 564, 588, 2183, 2268, 2459, 2876, 3063, 3602, 4929, 5299, 5546, 6099, 6673, 6879, 7342, 7343, 7503, 7512, 7557, 7652, 7697, 8572, 8910, 9008, 9231, 9619, 9886]
25 [1038, 1431, 2318, 2357, 2406, 2906, 3147, 3522, 3728, 4430, 4509, 4670, 5333, 6515, 6597, 7264, 7440, 7548, 7607, 7713, 8164, 8238, 8916, 8946, 9037]
27 [276, 478, 632, 645, 1044, 1501, 1537, 1990, 2265, 2447, 2794, 2824, 2974, 3281, 3334, 5243, 6006, 6324, 6796, 6901, 7294, 7310, 7488, 7920, 7956, 8035, 8981]
24 [208, 257, 1074, 1191, 1236, 1417, 1445, 1583, 2698, 3481, 3540, 3590, 3798, 4576, 5217, 5404, 6201, 6227, 6514, 8072, 8310, 8643, 9260, 9774]
21 [1227, 1487, 2462, 2640, 3112, 3266, 3712, 3856, 3989, 4871, 5755, 6862, 6882, 7273, 7370, 7669, 8950, 9059, 9190, 9298, 9360]
33 [533, 560, 748, 942, 1157, 1327, 1358, 1816, 2008, 2294, 2417, 2619, 3628, 3903, 4077, 4138, 4270, 5001, 5137, 6260, 6723, 6963, 7077, 7133, 7231, 7699, 7728, 8030, 8301, 8655, 8996, 9127, 9164]
25 [130, 793, 970, 1213, 1483, 1905, 2067, 2457, 3609, 3640, 3709, 4052, 4236, 4272, 4419, 4752, 5265, 5767, 7086, 7587, 7755, 7907, 9009, 9569, 9968]
21 [216, 299, 678, 681, 2024, 2411, 3137, 3140, 3465, 4063, 4074, 4188, 5079, 5461, 6386, 6435, 6948, 7010, 8956, 9324, 9472]
28 [70, 849, 1127, 1338, 1832, 2218, 2622, 3473, 3595, 4561, 4613, 5139, 5379, 5520, 5758, 5948, 6588, 6953, 7603, 7816, 7843, 7936, 7960, 8560, 8708, 9118, 9376, 9802]
36 [658, 929, 946, 1677, 1955, 2230, 2380, 2415, 2729, 2789, 3006, 3178, 3277, 3430, 3867, 3946, 4134, 4594, 4724, 5153, 5161, 5780, 5814, 6864, 7414, 7665, 7682, 7708, 7935, 8133, 8421, 8721, 9109, 9188, 9632, 9858]
27 [593, 954, 1268, 1290, 1435, 1472, 1734, 2292, 2723, 3581, 3644, 3845, 4115, 4535, 4630, 4942, 5483, 5487, 5823, 7136, 7535, 8843, 9082, 9294, 9613, 9813, 9894]
28 [1024, 1054, 1147, 1211, 1306, 1533, 1667, 1787, 1824, 2022, 2085, 2212, 2844, 3000, 3202, 4005, 4271, 5511, 5674, 6562, 7105, 7182, 7809, 8806, 9123, 9234, 9861, 9892]
33 [490, 994, 1214, 1217, 1434, 1847, 1870, 1962, 2178, 2732, 3260, 4127, 4713, 4792, 4927, 5594, 5647, 5704, 6154, 6458, 6589, 6701, 7135, 7226, 7247, 7410, 7826, 7937, 8161, 8603, 8637, 9171, 9325]
40 [57, 64, 65, 190, 336, 444, 647, 673, 1643, 1823, 2006, 2328, 2349, 2827, 3323, 3349, 3503, 3528, 3937, 4125, 4173, 4688, 4761, 5831, 6087, 6229, 6426, 6642, 6946, 7368, 7392, 7489, 7925, 8252, 8334, 8731, 8801, 9043, 9424, 9426]
32 [220, 688, 879, 2119, 2519, 2624, 2643, 2651, 3172, 3406, 3889, 4293, 5541, 5699, 5851, 6026, 6132, 6441, 6777, 6906, 7373, 7599, 7611, 7857, 8070, 8085, 8270, 8670, 8932, 9021, 9594, 9888]
31 [510, 901, 1036, 1768, 1862, 2018, 2073, 2511, 2868, 3159, 3313, 3319, 4235, 5049, 5340, 5581, 5942, 6009, 6373, 6890, 7005, 7269, 7438, 7646, 8059, 8187, 8448, 9246, 9432, 9682, 9773]
24 [714, 1149, 1376, 1439, 2310, 2712, 2937, 2962, 3362, 3462, 3534, 4502, 5151, 5216, 5381, 5431, 6135, 6856, 7111, 7555, 8713, 9251, 9895, 9943]
26 [147, 499, 649, 753, 973, 1052, 1335, 1378, 1384, 2204, 2312, 2758, 3109, 3596, 3968, 4106, 4639, 4678, 4867, 6073, 6537, 6585, 7179, 8579, 9119, 9433]
27 [118, 648, 1130, 1281, 1442, 1704, 2187, 2250, 2461, 2603, 2647, 3388, 4529, 4734, 4970, 5191, 5552, 6120, 6462, 6697, 7645, 8550, 8817, 9665, 9775, 9936, 9970]
34 [62, 68, 350, 474, 895, 907, 1120, 2189, 2410, 3100, 3471, 3952, 4161, 4452, 4516, 4537, 4626, 4729, 5230, 5291, 5357, 6195, 6727, 6980, 7627, 7647, 7981, 8049, 8682, 8695, 8883, 9154, 9340, 9842]
25 [7, 663, 788, 1270, 1949, 2176, 2404, 2592, 3092, 3108, 3530, 4191, 5181, 5508, 6067, 6332, 6900, 7194, 7690, 7895, 8231, 8383, 8389, 8417, 9139]
28 [286, 406, 609, 697, 1064, 1068, 2063, 2428, 2548, 2720, 3208, 3324, 4501, 4841, 5099, 5345, 5535, 5749, 6080, 7072, 7432, 7527, 7805, 8887, 9085, 9221, 9329, 9722]
28 [18, 677, 1767, 1831, 2875, 2934, 3683, 4257, 4743, 4763, 4805, 5537, 5598, 5630, 5757, 7084, 7103, 7330, 7372, 7390, 7795, 8458, 8661, 8706, 9284, 9418, 9751, 9850]
23 [1046, 1161, 1381, 1869, 2128, 2563, 3464, 3582, 4307, 4711, 5166, 5350, 5626, 5985, 6573, 8219, 8917, 8929, 9317, 9591, 9742, 9768, 9921]
30 [152, 744, 843, 877, 1388, 1505, 1644, 1929, 2742, 2864, 3497, 4402, 4983, 5098, 5352, 5524, 5528, 5595, 5669, 5989, 6310, 6383, 7463, 8203, 8239, 8403, 8824, 9067, 9737, 9811]
24 [546, 1179, 1393, 1612, 1937, 2951, 3646, 3667, 3778, 4326, 4348, 4641, 4740, 5116, 5187, 5343, 5456, 5638, 6267, 6927, 7749, 8318, 9420, 9840]
34 [82, 364, 543, 1368, 1423, 2348, 2591, 3200, 3243, 3619, 3788, 3850, 3864, 4114, 4244, 4717, 5135, 5401, 5918, 6224, 6312, 6732, 6817, 7541, 7783, 8145, 8377, 8563, 8809, 8974, 9051, 9661, 9743, 9942]
28 [314, 487, 1119, 1230, 1885, 2147, 2888, 3713, 3836, 4978, 5782, 5828, 5894, 5954, 6508, 7349, 7542, 8026, 8217, 8409, 8523, 8557, 8675, 8769, 9089, 9206, 9769, 9867]
42 [35, 242, 275, 513, 606, 1047, 1058, 1447, 1482, 1864, 2030, 2423, 2626, 2832, 3194, 3505, 3941, 4047, 4110, 4620, 4704, 5017, 5169, 5583, 5675, 5943, 6505, 6802, 6949, 6983, 7200, 7285, 7478, 8120, 8490, 8593, 8642, 8855, 8985, 9144, 9263, 9633]
34 [26, 52, 212, 616, 622, 812, 1083, 1402, 1866, 1900, 1960, 1987, 2337, 2374, 3058, 3280, 3477, 3558, 4318, 4744, 5246, 5533, 5553, 6148, 6434, 6565, 6615, 7677, 8444, 9018, 9108, 9640, 9844, 9974]
28 [385, 618, 1567, 1594, 1624, 1692, 2003, 2557, 2782, 2850, 3085, 3606, 3831, 4353, 4426, 4838, 4985, 5637, 6023, 6390, 6459, 6892, 7447, 7563, 8172, 8596, 9559, 9876]
35 [752, 916, 1289, 1613, 1742, 1776, 1924, 1981, 1994, 2229, 2676, 2771, 3018, 3076, 3086, 3577, 3601, 4193, 4286, 4390, 4770, 4981, 5175, 6020, 6336, 6799, 8610, 8650, 8690, 8777, 8921, 9115, 9402, 9461, 9675]
18 [574, 774, 871, 1669, 2289, 2954, 4185, 4469, 5752, 5792, 6226, 6413, 6580, 7114, 7801, 9485, 9538, 9833]
25 [475, 733, 926, 983, 2443, 2648, 2896, 3256, 3820, 3827, 4341, 4415, 4932, 4940, 5384, 6143, 6181, 6809, 7088, 7112, 7656, 8222, 8387, 9401, 9620]
41 [131, 195, 508, 769, 960, 1204, 1318, 1362, 1424, 1477, 1563, 1716, 1718, 1802, 2010, 2510, 2878, 2944, 3036, 3134, 3330, 3458, 3807, 3980, 4163, 4321, 4552, 4652, 5429, 5519, 5778, 5891, 6062, 6389, 6827, 7099, 7262, 9225, 9374, 9738, 9880]
26 [448, 1401, 2095, 2286, 2396, 2521, 2530, 2682, 2697, 3317, 3620, 4143, 4952, 5037, 5769, 6593, 7089, 7157, 7282, 7309, 7674, 8864, 9241, 9691, 9755, 9938]
34 [362, 1124, 1741, 1909, 2069, 2670, 2703, 3252, 3678, 3790, 3933, 4126, 4149, 4170, 4275, 4346, 4518, 5502, 5781, 6528, 7181, 7191, 7430, 7590, 7657, 8151, 8646, 8680, 8792, 9111, 9180, 9498, 9547, 9969]
31 [72, 509, 952, 1088, 1443, 1585, 1826, 2032, 2508, 2562, 2688, 2754, 2788, 3642, 3881, 4546, 4669, 4674, 4887, 5096, 5127, 6743, 7104, 7228, 7861, 8211, 8940, 9016, 9305, 9526, 9621]
26 [137, 241, 369, 387, 704, 2002, 2678, 3217, 3264, 4014, 4053, 4080, 4845, 5267, 5525, 5529, 5574, 5698, 5807, 6497, 6847, 8466, 8714, 9268, 9493, 9781]
23 [1638, 1867, 1964, 2034, 2427, 2895, 3631, 3687, 3785, 3921, 3959, 4585, 5551, 5996, 6221, 6762, 7852, 8395, 8660, 9331, 9375, 9735, 9948]
28 [40, 838, 1428, 1915, 2122, 3047, 3896, 4258, 4367, 5152, 5285, 6184, 6384, 6966, 6989, 7214, 7332, 7358, 7594, 7771, 7782, 7905, 7928, 8595, 8715, 9053, 9083, 9783]
37 [389, 800, 1028, 1582, 1728, 2005, 2175, 2238, 2279, 2724, 2965, 3096, 3241, 3286, 3298, 3437, 3607, 3669, 4232, 4287, 4383, 4930, 5004, 5136, 5215, 5688, 5902, 6239, 6262, 7335, 7345, 7898, 8250, 8273, 8527, 9463, 9565]
26 [442, 473, 479, 1711, 1998, 2139, 2228, 2285, 2493, 2940, 2997, 3231, 4397, 4650, 5292, 5372, 5415, 6150, 6153, 6968, 7415, 7689, 7872, 8663, 8786, 8945]
21 [661, 993, 1777, 3062, 3070, 4608, 5128, 5289, 5315, 5556, 5562, 6072, 6077, 6623, 6970, 7039, 7075, 7615, 7874, 8902, 9650]
27 [235, 884, 1168, 1853, 1872, 1941, 2116, 2302, 2990, 3035, 5180, 5218, 5549, 5973, 6160, 6502, 7145, 7457, 7579, 7829, 8195, 8789, 8931, 9081, 9467, 9779, 9959]
19 [54, 477, 695, 750, 1097, 1345, 1769, 2161, 2798, 3394, 3891, 4088, 5300, 5696, 5776, 7776, 8854, 9518, 9709]
37 [643, 719, 904, 1317, 1601, 1694, 1719, 2164, 2593, 2707, 2880, 3261, 3671, 4059, 4234, 4520, 4896, 5086, 5399, 5731, 5736, 5803, 5915, 5959, 6223, 6479, 6584, 6724, 6811, 7423, 8639, 8733, 9025, 9124, 9242, 9494, 9693]
36 [1304, 1736, 1751, 1904, 3417, 3438, 3539, 4117, 4565, 4587, 4813, 6427, 6554, 6719, 6722, 7173, 7196, 7337, 7398, 7516, 7618, 7792, 7913, 8004, 8106, 8149, 8188, 8264, 8418, 8656, 9110, 9182, 9417, 9614, 9719, 9788]
