True
False
18 [237, 436, 600, 3400, 3401, 3985, 4303, 5081, 5784, 6439, 6650, 6791, 7748, 8136, 8311, 8474, 8655, 9149]
18 [1238, 1906, 1929, 2239, 2792, 3013, 3492, 4053, 4677, 4915, 6124, 6466, 6803, 6929, 7562, 8206, 9206, 9308]
22 [67, 655, 2263, 2779, 3501, 3687, 3803, 3883, 4007, 4417, 6981, 7265, 7806, 7920, 8226, 8239, 8572, 8732, 9489, 9623, 9656, 9855]
24 [1623, 1703, 2564, 2693, 3051, 3159, 4390, 4654, 4727, 5040, 5261, 5420, 5986, 5992, 6283, 6725, 6747, 6959, 7797, 7803, 8058, 8641, 9208, 9491]
26 [68, 439, 1871, 1956, 2052, 2211, 2378, 2439, 3043, 3291, 3668, 3789, 4309, 4449, 4716, 5592, 5737, 6100, 6361, 6381, 7158, 7542, 7946, 8125, 8890, 8939]
27 [89, 112, 411, 660, 784, 1404, 1533, 1880, 2233, 3132, 3335, 4377, 4497, 5382, 6132, 6383, 6964, 7642, 7709, 8124, 8169, 8351, 8507, 9368, 9607, 9749, 9925]
24 [707, 1744, 1765, 1884, 1946, 2468, 2903, 2960, 3016, 3042, 3137, 3207, 3364, 5488, 5687, 6073, 6422, 7108, 7770, 8069, 8154, 8448, 9598, 9873]
28 [975, 1359, 2799, 2967, 3084, 3427, 3637, 3663, 4023, 4276, 4699, 4875, 5048, 5218, 5408, 5921, 6084, 6709, 6718, 7423, 7836, 7960, 8084, 8320, 8365, 8537, 8880, 9422]
36 [160, 817, 835, 1133, 1135, 1806, 2230, 2253, 2489, 2494, 2646, 3052, 3455, 3600, 3914, 4222, 4927, 5045, 5417, 5504, 5793, 5939, 6544, 6607, 6912, 7153, 7220, 7308, 7883, 7921, 8077, 8847, 9076, 9242, 9619, 9767]
20 [887, 1688, 2919, 3698, 4740, 4948, 5193, 5498, 5523, 5722, 6145, 6313, 6594, 6814, 7111, 7336, 7442, 8332, 8482, 8545]
22 [373, 934, 1818, 2475, 3227, 3543, 3821, 3903, 4313, 4453, 5268, 5654, 6118, 6552, 6587, 6624, 8073, 8503, 9399, 9802, 9819, 9962]
25 [583, 1085, 1162, 1471, 1593, 1872, 2251, 2647, 3301, 3609, 4177, 4334, 4659, 5242, 5483, 5496, 6076, 6414, 6492, 6622, 6655, 6837, 9090, 9364, 9979]
19 [51, 294, 756, 1507, 2079, 2803, 3060, 3867, 4230, 4723, 5734, 6024, 6130, 6293, 6387, 7147, 7610, 8591, 9327]
30 [8, 118, 547, 3206, 3851, 4526, 5061, 5615, 5619, 5690, 5811, 5812, 5985, 6008, 6139, 6316, 6392, 6744, 7431, 8088, 8293, 8881, 8953, 9072, 9183, 9278, 9319, 9323, 9415, 9872]
25 [637, 663, 942, 1197, 1284, 1986, 2238, 2599, 2821, 3009, 3130, 3154, 4004, 4108, 4977, 5151, 6284, 6415, 7882, 7965, 8648, 8669, 8682, 8865, 9501]
29 [555, 816, 1240, 1470, 1979, 2099, 2452, 3085, 4254, 4288, 4432, 4617, 4749, 4892, 4920, 5187, 5293, 5698, 6512, 7807, 8356, 8657, 8883, 9244, 9289, 9626, 9869, 9880, 9905]
27 [99, 1957, 4703, 4760, 4837, 4994, 5113, 5271, 5345, 5447, 5798, 5883, 6175, 6317, 6637, 6808, 7696, 8661, 9180, 9334, 9376, 9453, 9531, 9673, 9744, 9785, 9860]
18 [742, 1030, 1565, 2305, 3425, 4520, 4956, 5080, 6128, 6545, 6555, 7708, 8577, 9038, 9199, 9497, 9499, 9813]
22 [114, 1262, 2742, 3655, 3993, 4594, 5305, 6179, 6429, 6601, 6914, 7087, 7102, 7453, 8265, 8486, 8744, 8963, 9143, 9163, 9400, 9480]
26 [1120, 1654, 1705, 2403, 2446, 2807, 3741, 3831, 4070, 4233, 4422, 4477, 4656, 4790, 5034, 5058, 6211, 7237, 7858, 8299, 8316, 8948, 9283, 9382, 9426, 9857]
22 [66, 1083, 1290, 1790, 2142, 2443, 4398, 5438, 6096, 6097, 6527, 6595, 6596, 6956, 7266, 7569, 7582, 7940, 8911, 9193, 9374, 9812]
28 [286, 416, 463, 542, 791, 961, 1307, 1368, 1706, 2281, 2505, 2811, 3275, 3551, 4180, 4261, 5057, 5371, 5517, 5762, 5809, 6558, 7063, 8632, 8975, 9217, 9413, 9525]
35 [320, 355, 367, 745, 841, 948, 1096, 2226, 2911, 2958, 3019, 3232, 3792, 3958, 4216, 4315, 4459, 4466, 4579, 4834, 5060, 5718, 5756, 6147, 6991, 7167, 7181, 8034, 8250, 8516, 8844, 9109, 9200, 9326, 9727]
32 [95, 278, 328, 507, 724, 1293, 1491, 2672, 2688, 2943, 4209, 4386, 4697, 4880, 5067, 5174, 5822, 6126, 6148, 6241, 6253, 6334, 7154, 7230, 7296, 7306, 7648, 8693, 9010, 9784, 9807, 9865]
25 [176, 646, 687, 1543, 1823, 1982, 2851, 2862, 3496, 3588, 3939, 4290, 4905, 5183, 6575, 6777, 7587, 8007, 8026, 8533, 8835, 8919, 9302, 9442, 9554]
29 [183, 337, 540, 559, 893, 1090, 1170, 1592, 1771, 2600, 3204, 3982, 4178, 4407, 4508, 5772, 5966, 6427, 6867, 7392, 7463, 7578, 8246, 8272, 8739, 8782, 8860, 9800, 9939]
26 [228, 1485, 2128, 2458, 2880, 3290, 3660, 3895, 4123, 4273, 4867, 4890, 5476, 5581, 6367, 7596, 7746, 7846, 7988, 8361, 8451, 8634, 8876, 9062, 9808, 9935]
23 [258, 496, 2066, 2586, 3212, 3365, 4293, 4485, 4615, 4623, 4681, 5613, 5909, 6320, 6399, 6809, 6878, 7365, 8059, 8498, 9307, 9653, 9804]
37 [427, 572, 1073, 1086, 1500, 2224, 2401, 2523, 3001, 3332, 3487, 3906, 3970, 4075, 4587, 4645, 4698, 4972, 5252, 5263, 5324, 5710, 5775, 5984, 6673, 6917, 7891, 7973, 7976, 8353, 8477, 8617, 8745, 8779, 8833, 8955, 9252]
17 [798, 1029, 1149, 2507, 2697, 3156, 3963, 4856, 5989, 6362, 6954, 7028, 8487, 8590, 9757, 9862, 9954]
33 [43, 88, 209, 733, 783, 866, 1712, 2369, 2476, 2554, 2623, 2775, 3478, 4547, 4921, 5033, 5082, 5646, 5830, 6043, 6131, 6152, 6217, 6475, 6687, 6844, 6898, 7008, 7356, 8216, 8575, 8581, 9702]
28 [177, 315, 341, 832, 1053, 1203, 1308, 1408, 1611, 1827, 1941, 2234, 2436, 3024, 3506, 4380, 4522, 4771, 4871, 5929, 6600, 6659, 7425, 8756, 9027, 9467, 9543, 9587]
29 [26, 115, 1243, 1432, 1601, 2561, 2591, 2656, 2996, 3020, 3171, 3491, 3627, 4712, 4741, 4855, 5522, 5660, 5805, 5906, 6737, 6775, 8097, 8151, 8433, 8996, 9370, 9379, 9443]
16 [81, 359, 1905, 2810, 4307, 4930, 5920, 5944, 6281, 6705, 7635, 8606, 9089, 9192, 9207, 9317]
18 [221, 430, 594, 2190, 2532, 3911, 5144, 5887, 6083, 6285, 6925, 7086, 7297, 7427, 7535, 8267, 8273, 9498]
29 [32, 994, 1249, 1327, 1474, 2347, 2764, 2838, 3115, 3237, 3611, 3656, 3669, 3989, 4035, 4733, 4783, 5068, 5198, 5206, 5548, 6340, 6689, 6943, 7749, 8247, 8751, 9272, 9553]
24 [890, 1106, 1370, 1515, 1538, 2264, 3131, 4033, 4308, 4544, 5073, 5456, 6155, 6701, 6782, 6854, 7629, 7658, 7718, 7809, 7837, 8301, 8375, 8587]
25 [113, 178, 710, 752, 2153, 2349, 2722, 2772, 3410, 3485, 3604, 3651, 3842, 4257, 4903, 5055, 5256, 5976, 6933, 7123, 7332, 7467, 8762, 9450, 9953]
22 [85, 454, 585, 808, 1915, 2368, 2793, 2946, 2980, 3198, 4385, 4416, 6034, 6113, 6210, 6329, 6988, 7291, 8041, 9068, 9172, 9994]
21 [1014, 1204, 2115, 2179, 2382, 3208, 3540, 3605, 5018, 5208, 5254, 5521, 5582, 5642, 5781, 6704, 7373, 7707, 7962, 9773, 9859]
24 [565, 1016, 1402, 2727, 2872, 3625, 4044, 4426, 4651, 4806, 5212, 5395, 5502, 6406, 6746, 6965, 7888, 8120, 8245, 8710, 8729, 9212, 9618, 9916]
19 [84, 349, 535, 1154, 1194, 2404, 2884, 3080, 3709, 5390, 5537, 5546, 7121, 7930, 8140, 8559, 8614, 9216, 9893]
36 [360, 382, 760, 995, 1383, 1554, 1720, 2701, 2848, 2985, 3201, 3259, 3629, 4057, 4242, 4300, 4450, 4954, 4981, 5931, 6301, 7053, 7315, 7752, 7849, 7857, 7860, 8101, 8668, 8686, 8879, 8969, 9184, 9196, 9291, 9711]
15 [191, 2299, 2619, 3402, 3689, 3863, 4043, 4103, 4708, 5189, 7795, 7963, 8196, 9930, 9943]
32 [76, 186, 753, 1223, 1289, 1570, 1804, 1937, 2385, 2745, 2887, 3295, 3418, 3520, 3834, 3910, 5114, 5424, 5473, 5485, 6009, 6460, 7195, 7407, 8003, 8171, 8225, 8621, 8711, 9205, 9575, 9835]
17 [59, 324, 1816, 3461, 3829, 3830, 4055, 4536, 5699, 6417, 6660, 7283, 7385, 7420, 8284, 8997, 9585]
28 [91, 319, 1869, 2227, 2394, 3270, 3317, 3406, 3512, 3550, 4836, 5134, 5458, 5482, 5946, 6243, 6357, 6446, 6662, 6741, 6963, 7571, 7601, 7856, 8822, 9034, 9345, 9404]
17 [465, 796, 979, 1176, 1254, 2241, 2474, 2709, 3448, 3480, 5538, 5624, 6772, 8314, 9466, 9614, 9791]
34 [685, 908, 1144, 1650, 1963, 2085, 2144, 2289, 3242, 3460, 3694, 3776, 3788, 4182, 4557, 4752, 4881, 5350, 5450, 5554, 5587, 5999, 6208, 6225, 6300, 6621, 6723, 6904, 7007, 7521, 7595, 8604, 8626, 9476]
21 [87, 128, 424, 451, 653, 936, 1710, 2678, 2997, 3071, 3556, 4124, 4613, 8396, 8947, 9014, 9039, 9369, 9631, 9947, 9976]
21 [247, 621, 1595, 1849, 3066, 3568, 3896, 4565, 5119, 5170, 5606, 6018, 6085, 6394, 6967, 7031, 7349, 8277, 8992, 9600, 9701]
22 [240, 639, 747, 941, 1535, 1947, 2151, 2175, 4545, 5157, 5279, 5370, 5922, 6548, 7002, 7035, 7224, 7509, 8676, 9004, 9582, 9736]
21 [900, 1324, 1472, 1556, 2843, 2883, 3007, 3081, 3366, 3839, 4704, 5008, 5752, 5850, 6651, 6740, 7234, 7574, 8743, 9352, 9461]
11 [202, 289, 2511, 3899, 4271, 5118, 5814, 6349, 6913, 7090, 8212]
24 [141, 203, 250, 528, 1097, 1341, 1723, 3498, 4076, 4469, 4559, 4706, 5407, 6200, 6703, 6950, 6972, 7225, 7451, 8027, 8038, 8436, 9078, 9764]
27 [105, 661, 909, 1152, 1309, 1345, 1399, 1416, 1810, 1952, 2104, 2328, 2356, 3274, 3907, 4239, 4434, 5441, 6013, 7697, 7923, 8063, 9235, 9249, 9361, 9493, 9713]
32 [589, 1183, 1594, 1673, 1677, 1819, 1908, 2512, 2567, 2897, 3218, 3654, 3923, 3962, 4484, 4883, 5325, 5398, 5749, 5873, 6424, 6987, 7258, 7832, 7972, 7987, 8908, 9231, 9540, 9573, 9966, 9993]
22 [617, 676, 1742, 2132, 2901, 3148, 3473, 3539, 4133, 4266, 4371, 4584, 4644, 4688, 5766, 6121, 6513, 8413, 8973, 9087, 9509, 9666]
25 [22, 36, 924, 1185, 1437, 1787, 1842, 1996, 2076, 2680, 3416, 3804, 4509, 4738, 5230, 5622, 5915, 6671, 7247, 7533, 7784, 8488, 8505, 8656, 8760]
17 [387, 1283, 1663, 1907, 2837, 4241, 6010, 7254, 7280, 7909, 8345, 8456, 8607, 8737, 8985, 9005, 9325]
24 [4, 786, 1052, 1552, 1659, 1755, 2078, 2549, 2628, 2827, 4323, 4328, 4330, 4672, 5235, 5401, 5418, 6833, 7406, 7552, 7620, 9746, 9854, 9975]
26 [619, 852, 1671, 1695, 1910, 1933, 2844, 3980, 4304, 4389, 4574, 4627, 4702, 4822, 5110, 5868, 6326, 6680, 7092, 7362, 7660, 7852, 7886, 8259, 8979, 9856]
27 [40, 300, 352, 437, 503, 736, 1297, 1862, 2429, 2713, 2993, 2994, 3104, 3809, 4121, 4748, 5249, 5770, 5983, 6174, 7403, 7638, 8039, 8783, 9164, 9336, 9634]
18 [10, 39, 181, 369, 487, 525, 648, 1405, 3684, 4957, 5012, 5659, 6133, 6906, 7893, 7915, 9276, 9612]
26 [607, 850, 1235, 1449, 1764, 2533, 2551, 2929, 3189, 3297, 3315, 3372, 4253, 4980, 5190, 6581, 7215, 7369, 7377, 7434, 8255, 9122, 9412, 9420, 9824, 9986]
23 [347, 354, 505, 1413, 2140, 2352, 2806, 3311, 3353, 3646, 3994, 4414, 4996, 5191, 5369, 6375, 6571, 6730, 7218, 7273, 7555, 7734, 8192]
39 [457, 519, 558, 1257, 1344, 1657, 1793, 2117, 2372, 2457, 2854, 2865, 3094, 3328, 3457, 3459, 4020, 4071, 5287, 5406, 5728, 5754, 6260, 6966, 7039, 7201, 7363, 7415, 7558, 7584, 8310, 8408, 8431, 8681, 8838, 8910, 9127, 9482, 9948]
24 [261, 494, 949, 1036, 1131, 1179, 1418, 2397, 2616, 3202, 4019, 4496, 4668, 4986, 5376, 6078, 6583, 7375, 7564, 7618, 8358, 9042, 9105, 9186]
17 [435, 604, 1693, 1797, 2813, 3041, 3555, 3801, 4006, 4604, 4785, 4828, 6563, 6872, 7785, 8290, 9040]
28 [303, 506, 511, 544, 591, 884, 980, 1028, 1038, 1555, 1563, 2073, 2498, 2922, 3358, 3725, 3932, 4218, 5443, 5844, 7437, 7524, 7991, 8093, 9144, 9396, 9581, 9788]
22 [305, 701, 910, 1057, 1637, 2089, 2094, 2381, 3018, 3215, 3577, 5207, 5397, 6005, 6391, 7033, 7267, 7368, 7411, 7868, 9174, 9346]
34 [241, 246, 335, 690, 750, 932, 1214, 1511, 1882, 1911, 2116, 2118, 2588, 2822, 2830, 2950, 3030, 3431, 3522, 4226, 4411, 4505, 5361, 5466, 6343, 6851, 7116, 7208, 7228, 8699, 8747, 9104, 9667, 9848]
19 [556, 664, 1226, 1714, 2188, 2981, 3023, 4732, 5297, 5484, 5666, 6173, 7191, 7500, 7869, 8490, 8929, 9408, 9632]
29 [322, 517, 674, 2603, 2690, 2944, 3197, 3337, 3657, 3999, 4152, 4176, 5262, 5311, 5514, 6038, 6748, 7054, 7124, 7862, 8374, 8582, 8675, 8775, 8801, 8994, 9502, 9902, 9929]
19 [199, 248, 370, 482, 1391, 1669, 2817, 3076, 3238, 3333, 3754, 4332, 5442, 6824, 7371, 7861, 8045, 8754, 9638]
24 [304, 574, 751, 853, 1111, 1160, 1484, 1541, 3312, 3571, 3720, 4149, 4974, 5314, 6438, 6647, 6669, 7947, 8135, 8444, 8951, 9035, 9213, 9392]
25 [561, 1312, 1860, 1888, 2386, 3529, 3718, 3850, 3894, 4595, 4750, 5330, 5969, 6092, 6557, 7529, 8053, 8376, 8401, 8551, 8818, 9162, 9643, 9650, 9851]
24 [584, 625, 904, 1350, 1457, 2024, 2294, 3142, 3163, 3755, 3878, 5223, 5446, 6246, 6269, 6719, 6970, 7317, 7520, 7939, 9073, 9377, 9488, 9590]
27 [767, 777, 1161, 1222, 1304, 1728, 1913, 2521, 2634, 2765, 3765, 4005, 4078, 4349, 5195, 5449, 5461, 5791, 6686, 6758, 7489, 7554, 7693, 8776, 9018, 9692, 9840]
23 [885, 1277, 1600, 1843, 2563, 2777, 3429, 3777, 3901, 3942, 3943, 4179, 4373, 4663, 5000, 5108, 5255, 5662, 6214, 6273, 7096, 7971, 7979]
20 [1352, 1375, 2147, 2408, 3642, 3705, 4284, 4382, 4435, 4486, 5730, 7089, 7139, 7730, 7880, 8784, 8854, 9103, 9549, 9578]
25 [626, 1321, 3266, 3324, 3688, 4776, 5351, 5388, 5434, 5751, 5790, 5980, 6282, 6511, 6606, 7010, 7162, 7346, 7532, 7674, 7768, 8800, 9552, 9599, 9887]
20 [409, 1634, 1916, 2667, 3168, 3389, 3680, 3812, 4622, 5507, 6057, 6176, 6203, 6264, 6864, 7316, 7344, 8470, 8904, 9441]
25 [21, 450, 601, 1333, 1596, 1775, 2414, 3759, 3768, 4641, 4691, 5281, 5459, 5885, 6805, 6939, 7426, 8201, 8305, 8998, 9299, 9655, 9722, 9751, 9926]
25 [568, 838, 972, 1022, 1891, 1975, 2168, 2267, 3099, 3134, 4046, 4095, 4730, 4814, 6498, 6706, 7541, 7720, 7833, 7881, 8147, 8643, 9689, 9750, 9882]
22 [388, 479, 670, 1661, 2007, 2136, 3210, 3292, 4265, 4362, 4737, 5176, 5927, 6230, 6766, 7664, 7952, 7997, 8138, 8578, 8922, 9056]
20 [704, 1709, 1834, 2049, 2682, 3073, 3924, 4460, 4976, 5003, 6099, 6233, 6515, 6990, 7005, 7341, 7353, 7465, 7729, 8677]
23 [121, 192, 262, 867, 1292, 1642, 1998, 2508, 2863, 4548, 5342, 6011, 6228, 6799, 6927, 7873, 8129, 8717, 8894, 9203, 9592, 9648, 9816]
25 [275, 1319, 1568, 1792, 2011, 2674, 2716, 3269, 3612, 3640, 3772, 3866, 4454, 4971, 5378, 5694, 6373, 6952, 7074, 7796, 8083, 8256, 8909, 9705, 9881]
19 [405, 877, 1119, 1172, 1306, 1788, 2009, 2055, 2739, 3715, 4425, 4770, 7818, 8562, 8742, 9001, 9329, 9830, 9849]
20 [371, 982, 3006, 3922, 4164, 4181, 4470, 4569, 4786, 5328, 5501, 5954, 6895, 6920, 7647, 7916, 8012, 8214, 9664, 9794]
28 [623, 711, 809, 1084, 2050, 2976, 3158, 3779, 4248, 4854, 5674, 6082, 6090, 6727, 6865, 6874, 7198, 7700, 8106, 8461, 8484, 8584, 8672, 8964, 8986, 9033, 9367, 9544]
21 [143, 632, 864, 1361, 1374, 1794, 2013, 2420, 2479, 2618, 3246, 3373, 4256, 5100, 7216, 7580, 7750, 8405, 8457, 8515, 9128]
24 [1146, 1360, 1612, 1748, 1813, 2786, 3693, 3775, 4510, 4720, 4831, 5038, 5303, 6541, 6559, 6817, 7330, 7594, 8198, 8232, 8369, 9486, 9494, 9803]
23 [310, 483, 1024, 1255, 1436, 2043, 2527, 2541, 2584, 3806, 4493, 5087, 5232, 5309, 5349, 5891, 6468, 6618, 6711, 7110, 8543, 8853, 8972]
19 [285, 3235, 3561, 3681, 4895, 5364, 5763, 5953, 6226, 6428, 6516, 7175, 7253, 8009, 8050, 8064, 8983, 9219, 9388]
23 [249, 392, 629, 782, 945, 3114, 3632, 3686, 3780, 3940, 4575, 5007, 5188, 5575, 5892, 6080, 6268, 6946, 7118, 7653, 8227, 8535, 9024]
23 [153, 606, 799, 854, 1075, 1658, 1660, 2702, 3138, 3193, 3443, 4402, 4820, 4872, 4959, 5106, 5250, 6170, 6708, 6958, 7475, 8586, 9265]
27 [31, 696, 1468, 1524, 1758, 3098, 3220, 4017, 4041, 4092, 4129, 4427, 4475, 5154, 5200, 5467, 5703, 6045, 6423, 6566, 6909, 7669, 7705, 7945, 8181, 8380, 9628]
28 [725, 1258, 1431, 1931, 1960, 2691, 2879, 3195, 3267, 4608, 4791, 4809, 5101, 5269, 5289, 6050, 6418, 6733, 7455, 8352, 8725, 8935, 9052, 9471, 9735, 9796, 9936, 9969]
32 [504, 618, 876, 1532, 1562, 2074, 2133, 3111, 3155, 3253, 3330, 3945, 4110, 4294, 4296, 4674, 5439, 5630, 5741, 6044, 6251, 6290, 6332, 6602, 7970, 8006, 8015, 9125, 9173, 9275, 9564, 9906]
25 [634, 1534, 2206, 2503, 3053, 3091, 4889, 4983, 4987, 5802, 5955, 6071, 6299, 6327, 6762, 6971, 7125, 7188, 7691, 7829, 7885, 8321, 8425, 8924, 9434]
26 [19, 1009, 1452, 1477, 1936, 2659, 2689, 3124, 3338, 3369, 4013, 4500, 4512, 4772, 4864, 4979, 5096, 6248, 6338, 7040, 7285, 7740, 7741, 8004, 8204, 8942]
26 [308, 408, 872, 921, 1118, 1241, 1943, 2756, 3055, 3119, 3484, 3557, 4208, 4800, 5778, 6158, 6416, 7304, 8087, 8230, 9202, 9406, 9425, 9691, 9895, 9977]
22 [108, 232, 659, 1042, 1558, 2018, 2839, 2881, 3370, 3379, 3672, 4183, 4539, 5797, 6942, 6947, 7399, 7717, 7954, 8596, 9131, 9937]
33 [65, 139, 290, 469, 700, 1184, 1232, 1294, 1320, 2173, 2435, 2757, 2947, 3511, 3641, 3761, 3868, 3983, 4860, 5029, 5800, 6054, 6289, 6549, 6721, 7119, 7271, 7345, 7357, 7481, 7600, 9133, 9844]
30 [744, 1629, 1631, 1721, 1738, 2001, 2185, 2555, 3031, 3188, 3616, 3701, 3786, 4191, 4340, 4695, 5204, 5241, 5598, 5876, 6046, 6102, 6880, 6993, 7417, 7591, 8173, 8337, 9236, 9777]
23 [197, 236, 1447, 1717, 1722, 1919, 2303, 3584, 3880, 4262, 5052, 5168, 5597, 5610, 7172, 7485, 8060, 8536, 8555, 9096, 9487, 9535, 9595]
20 [640, 861, 1492, 1672, 2248, 2609, 2814, 3078, 4040, 4107, 4690, 4795, 4798, 5228, 6197, 6876, 7928, 9167, 9557, 9914]
22 [345, 810, 4365, 4655, 4866, 4937, 5032, 5393, 5612, 5641, 5744, 6372, 6523, 7871, 8096, 8447, 8489, 8628, 8874, 9177, 9405, 9672]
25 [692, 1903, 2900, 3580, 3667, 4074, 4326, 4634, 4734, 4914, 5164, 5593, 6167, 6359, 6365, 6434, 6507, 6562, 6911, 7726, 8032, 8105, 8183, 9043, 9822]
29 [895, 1089, 1338, 3062, 3106, 3176, 3861, 3937, 3967, 4048, 4155, 4237, 4782, 5158, 5179, 5273, 5298, 5346, 5911, 6242, 7290, 7586, 8091, 8382, 8728, 8734, 9050, 9360, 9561]
32 [133, 175, 329, 484, 532, 1110, 1141, 2214, 2524, 3730, 4115, 4214, 4566, 5161, 5529, 5605, 5877, 5881, 5948, 6012, 6185, 6196, 7327, 7470, 7559, 7875, 7884, 8163, 8264, 8558, 8639, 9639]
21 [253, 719, 1268, 1366, 2387, 2856, 2982, 3190, 3277, 3770, 3888, 4039, 4310, 5648, 5993, 7206, 8627, 8970, 9407, 9910, 9997]
21 [292, 620, 735, 1564, 2336, 2631, 3981, 4137, 4204, 4412, 5246, 5570, 5817, 6067, 6445, 7233, 7498, 8723, 8926, 9025, 9256]
20 [781, 969, 1271, 1373, 1387, 1934, 2193, 2243, 2405, 2978, 3464, 4465, 5512, 6474, 6629, 7217, 7476, 7901, 8642, 8715]
27 [1169, 1351, 1681, 1782, 2236, 2791, 3310, 3325, 3874, 4601, 4848, 4917, 5839, 6435, 6948, 7084, 7319, 7566, 7964, 8010, 8108, 8412, 8840, 9002, 9478, 9717, 9732]
29 [440, 580, 749, 807, 1853, 2260, 2515, 2579, 2655, 2871, 3800, 3889, 4010, 4311, 4387, 4603, 5280, 5607, 5679, 6335, 7127, 7456, 8122, 8713, 8815, 9301, 9529, 9912, 9945]
23 [538, 1349, 2301, 2484, 3575, 3799, 3992, 4431, 4643, 4779, 4897, 5070, 5185, 5767, 5897, 6497, 6681, 7478, 7904, 8323, 8394, 8453, 9539]
24 [448, 827, 1066, 1211, 1807, 2178, 2252, 2418, 2528, 2562, 2882, 3420, 4588, 5251, 6187, 6287, 6400, 6883, 7221, 7830, 8327, 8399, 9022, 9418]
31 [74, 709, 857, 1003, 1207, 1444, 1487, 2180, 2587, 3214, 3356, 3477, 3790, 4637, 4918, 5419, 5499, 5616, 5700, 5764, 6159, 6235, 6258, 6693, 6862, 7684, 7845, 8172, 8187, 9866, 9960]
17 [50, 543, 3012, 3744, 3818, 4111, 4542, 5194, 5479, 5493, 5578, 6061, 6478, 6625, 7022, 8381, 9451]
23 [381, 666, 1316, 1798, 2067, 2276, 2337, 2375, 2376, 2578, 3070, 3245, 4014, 4346, 4742, 4763, 5683, 6222, 6306, 6593, 7430, 8081, 8787]
23 [2, 213, 815, 1186, 1505, 2534, 2934, 3167, 3601, 3626, 4620, 4909, 4951, 6035, 6184, 6788, 6921, 7262, 8402, 8566, 8692, 9254, 9858]
20 [86, 883, 1115, 2601, 2870, 3351, 3412, 4329, 5329, 5506, 5888, 5977, 6171, 6658, 6983, 7328, 7724, 8235, 8346, 9402]
33 [357, 449, 1589, 1617, 1653, 2091, 2847, 2941, 3153, 4243, 4245, 5253, 5565, 5633, 5684, 6055, 6064, 6069, 6272, 6444, 6546, 6989, 7214, 7333, 7355, 7722, 8472, 8660, 8892, 9136, 9170, 9253, 9652]
23 [126, 306, 694, 1137, 1483, 1948, 2547, 2787, 3113, 3223, 3256, 3670, 5044, 5436, 6079, 6793, 6850, 7414, 7719, 9156, 9669, 9709, 9951]
20 [159, 296, 622, 894, 1007, 1272, 1632, 1716, 1923, 1949, 2207, 3426, 3562, 4524, 4926, 5429, 6172, 7114, 7853, 8368]
14 [44, 100, 914, 940, 1077, 1299, 1724, 1928, 3774, 7088, 7149, 8579, 8670, 8696]
21 [29, 1094, 1102, 1536, 2483, 2493, 2699, 2715, 2952, 2970, 4391, 4858, 5294, 5295, 5836, 5845, 6774, 7440, 7791, 8306, 9863]
27 [691, 1123, 1365, 2040, 2297, 2610, 2726, 3046, 3314, 4457, 4629, 4992, 5316, 5997, 6068, 6402, 6426, 6469, 6633, 6690, 7690, 8836, 9060, 9129, 9424, 9470, 9731]
30 [154, 485, 579, 1156, 1164, 1219, 1441, 1954, 2291, 3388, 3661, 3947, 4260, 4489, 4689, 5423, 5530, 5561, 5704, 6518, 6568, 6683, 6866, 7137, 7236, 7331, 7755, 8155, 8709, 9084]
30 [311, 722, 2545, 2923, 3140, 3405, 3535, 3594, 3727, 3823, 3996, 4452, 4463, 4521, 5094, 5115, 5123, 5335, 5405, 5411, 5726, 5810, 5971, 6042, 7386, 7621, 8228, 8611, 9593, 9915]
33 [491, 493, 988, 1281, 1397, 1736, 1745, 1870, 2546, 3026, 3029, 3262, 4353, 5153, 5486, 5527, 6238, 6630, 6877, 7073, 7282, 7864, 7951, 8158, 8513, 8623, 8828, 8884, 8921, 9305, 9512, 9677, 9896]
24 [219, 458, 933, 1280, 1286, 1550, 2098, 2612, 3047, 3182, 3432, 4982, 5105, 5448, 5626, 6354, 6582, 6763, 7763, 8333, 8378, 8541, 8635, 9075]
24 [1323, 1521, 1539, 1725, 1761, 2544, 2673, 3304, 4034, 4072, 4555, 5205, 5661, 5795, 5974, 6702, 6855, 6886, 7023, 7484, 7656, 7678, 8313, 8789]
20 [9, 55, 57, 227, 510, 1752, 1864, 1955, 2440, 2858, 3015, 3751, 4403, 4436, 4729, 4879, 6574, 7393, 7827, 8585]
24 [190, 658, 1000, 1989, 2942, 3187, 3620, 4087, 4221, 4628, 4928, 5451, 5516, 6674, 6767, 6945, 7352, 8109, 8276, 8625, 8863, 9041, 9297, 9584]
27 [263, 333, 499, 986, 1415, 1667, 1858, 2310, 2517, 2781, 3118, 3538, 4861, 4922, 5723, 5743, 6003, 6619, 7075, 7932, 8014, 8274, 8608, 8826, 9053, 9328, 9534]
30 [166, 498, 677, 823, 1465, 1707, 2258, 2629, 2784, 3360, 3965, 3975, 4028, 4479, 4621, 4825, 5685, 6861, 6936, 7064, 7404, 7625, 7820, 7859, 8385, 8772, 8934, 9166, 9255, 9378]
23 [738, 1035, 1567, 1719, 2159, 3268, 3468, 3729, 4166, 5374, 6127, 6700, 7581, 7974, 8054, 8161, 8280, 8420, 8637, 8663, 9362, 9541, 9681]
29 [1070, 1213, 1354, 1386, 2442, 2537, 3563, 3763, 3769, 3972, 4126, 4205, 4451, 4534, 4540, 5121, 6093, 6346, 6664, 6897, 6944, 7514, 7608, 7670, 8300, 8414, 8823, 9239, 9766]
21 [524, 805, 1012, 1092, 1113, 1537, 1726, 2918, 3481, 3607, 3717, 4295, 4998, 5027, 5899, 6098, 6261, 7614, 8048, 8359, 8901]
27 [755, 1108, 1750, 2155, 2225, 2558, 2636, 4002, 4051, 4258, 4815, 4868, 4931, 5315, 5806, 6047, 6626, 6771, 6846, 7017, 7870, 8001, 8540, 8598, 9049, 9560, 9980]
34 [298, 624, 1314, 1348, 1855, 2122, 2423, 2519, 3082, 3507, 4077, 4358, 4359, 5740, 6302, 6464, 6798, 6896, 7103, 7277, 7334, 7551, 7556, 7663, 7914, 7969, 8329, 8697, 8946, 9294, 9391, 9472, 9546, 9842]
27 [453, 578, 963, 1649, 2080, 2228, 2615, 3050, 3439, 3574, 4383, 4554, 4766, 5259, 5834, 5863, 6304, 6441, 6984, 7020, 7326, 7866, 7911, 8821, 9169, 9714, 9783]
23 [754, 806, 2213, 2504, 2899, 2965, 4026, 4228, 4873, 5031, 5284, 5841, 5964, 6820, 7182, 7321, 7492, 7511, 7543, 8497, 8592, 8750, 8786]
23 [276, 657, 788, 1098, 1125, 1206, 1298, 2097, 2925, 3384, 4713, 4842, 4912, 5375, 5851, 5937, 6134, 6393, 6707, 7839, 8511, 9733, 9761]
23 [423, 481, 633, 1246, 1832, 3244, 3855, 3879, 4336, 4877, 5020, 5046, 5177, 5551, 5842, 6433, 6519, 6998, 7260, 7878, 8370, 9007, 9351]
20 [539, 2231, 2509, 3010, 3162, 5109, 5312, 5331, 5343, 5675, 6389, 7223, 7462, 8391, 9077, 9139, 9152, 9696, 9923, 9941]
38 [82, 117, 856, 1379, 1381, 1508, 1740, 1945, 2141, 2428, 2780, 3045, 3203, 3320, 3952, 4406, 4446, 4471, 4605, 4793, 4823, 4885, 5122, 5545, 5696, 5776, 5872, 6056, 6884, 7100, 7307, 7534, 7701, 7877, 8285, 9241, 9536, 9604]
32 [803, 829, 871, 1242, 1329, 1469, 2480, 2665, 2798, 3108, 3183, 3702, 3928, 4532, 4602, 4888, 5553, 5625, 5655, 5689, 6186, 6419, 6529, 8121, 8521, 8650, 8658, 9182, 9492, 9528, 9789, 9899]
24 [563, 1964, 2017, 3247, 3321, 3450, 3886, 4060, 4400, 4744, 5088, 5152, 5440, 6811, 6859, 7516, 7694, 8115, 8164, 8203, 8766, 9296, 9324, 9898]
26 [254, 550, 654, 1446, 1874, 2447, 2769, 3527, 3546, 3602, 3618, 3764, 3826, 4143, 4200, 4494, 5093, 5326, 6536, 6807, 6813, 6830, 7996, 8471, 8653, 9515]
31 [12, 201, 779, 1401, 1737, 2322, 2510, 2607, 2737, 2917, 2987, 3273, 3404, 3479, 3951, 4679, 4753, 4968, 5024, 5117, 5838, 5951, 6239, 6526, 6534, 7130, 7370, 7464, 7790, 8046, 8741]
11 [1838, 1942, 2754, 3178, 4016, 4847, 5162, 7593, 7955, 8458, 9171]
28 [377, 1549, 1609, 1774, 1863, 2033, 2100, 2272, 2467, 3028, 3357, 3513, 3690, 4000, 4109, 4125, 5347, 5422, 6722, 6839, 6857, 7488, 7557, 8610, 9141, 9338, 9589, 9871]
22 [193, 374, 971, 1201, 1442, 1840, 2286, 3079, 3767, 3892, 4084, 4344, 5788, 6001, 6021, 6236, 8013, 8182, 8349, 8829, 9795, 9879]
23 [1128, 1157, 1377, 1608, 1713, 1921, 1994, 2247, 2937, 3331, 3394, 4498, 5233, 6561, 6564, 6576, 6986, 7129, 7209, 7777, 8755, 9390, 9526]
24 [207, 274, 1114, 1140, 2318, 2592, 2632, 2961, 3074, 3172, 4280, 4577, 4826, 4997, 5182, 5760, 6479, 7178, 8428, 8527, 8726, 9063, 9775, 9891]
24 [45, 595, 597, 1026, 1817, 2805, 3057, 3059, 3101, 3144, 3782, 3791, 4571, 6040, 6457, 6665, 7497, 8130, 8678, 8685, 8702, 9209, 9381, 9661]
26 [3, 90, 763, 1021, 1112, 1630, 2157, 2182, 2859, 2966, 3211, 3649, 3679, 3969, 4363, 4421, 4551, 5634, 6580, 7126, 7270, 7412, 8500, 8824, 8850, 9548]
24 [17, 313, 1266, 1422, 1425, 1597, 2187, 2789, 2860, 3956, 3991, 6051, 6249, 6274, 6296, 6348, 6455, 7263, 7382, 8388, 8683, 8917, 9277, 9762]
20 [46, 429, 641, 1117, 1796, 2465, 3222, 3591, 3873, 4003, 4619, 4658, 5334, 6065, 6639, 7024, 9094, 9386, 9574, 9622]
25 [444, 573, 785, 1216, 1573, 1980, 2695, 2910, 3349, 4022, 4289, 4410, 4761, 5210, 5693, 5750, 6310, 6657, 7560, 7573, 8324, 8538, 8845, 9651, 9753]
24 [165, 406, 1010, 1918, 2232, 2516, 2802, 3064, 3375, 3548, 3635, 4174, 4372, 4549, 4653, 4715, 4869, 5900, 6342, 6784, 7380, 8426, 8731, 9538]
23 [586, 1180, 1624, 2088, 2274, 2341, 2850, 3750, 4085, 4461, 4784, 5129, 5165, 6386, 6463, 7311, 7372, 7603, 8432, 8666, 9246, 9309, 9505]
26 [225, 1048, 1440, 1588, 1879, 2451, 2552, 2704, 2921, 2948, 3915, 4537, 4941, 5163, 5310, 5433, 5973, 7131, 7359, 7545, 7685, 9067, 9316, 9616, 9787, 9837]
33 [456, 778, 966, 1062, 1127, 1340, 1475, 1578, 1731, 2150, 3135, 3598, 4091, 4458, 4908, 5086, 5526, 5555, 5668, 5867, 6091, 6420, 6910, 7164, 7433, 7495, 7683, 7758, 7813, 8149, 8443, 8445, 9884]
30 [5, 1648, 1889, 1951, 2056, 2087, 2426, 2762, 2924, 2990, 3595, 4297, 4757, 4799, 4932, 5237, 5357, 5363, 5903, 6307, 6324, 6388, 6827, 6985, 7546, 8237, 8292, 8325, 9695, 9918]
22 [156, 668, 697, 1059, 1279, 1315, 1690, 1865, 2624, 2721, 3334, 3463, 3576, 4348, 4735, 5846, 6023, 6252, 7062, 7665, 9704, 9886]
32 [348, 486, 926, 1109, 1198, 1651, 1961, 2010, 2205, 2455, 2531, 3340, 3377, 3636, 4556, 4862, 5148, 5217, 5519, 5549, 5599, 5678, 5833, 5907, 6484, 6804, 7068, 7487, 8061, 8792, 9017, 9440]
18 [189, 297, 1105, 1335, 1981, 2454, 2700, 3533, 3621, 3747, 3760, 4008, 4967, 5319, 5534, 6888, 7842, 8896]
27 [157, 233, 280, 1605, 2621, 2808, 3116, 3216, 3289, 4067, 4370, 4614, 4882, 5097, 5640, 5663, 5982, 6007, 6150, 6166, 6881, 6928, 7098, 7284, 7617, 9262, 9268]
19 [2738, 3298, 4130, 4206, 4437, 4481, 4553, 4893, 4978, 5219, 5571, 6109, 6160, 7050, 8759, 8806, 8882, 9475, 9700]
26 [72, 1363, 2683, 3339, 3564, 3949, 4312, 4631, 5120, 5808, 5898, 6405, 6589, 6891, 7338, 7528, 7538, 7655, 7826, 8429, 8530, 8780, 9115, 9157, 9279, 9410]
36 [395, 681, 955, 1002, 1065, 1224, 1248, 2051, 2106, 2126, 2195, 2389, 2437, 2581, 3133, 3343, 3822, 4211, 4492, 5026, 6379, 6591, 6691, 7027, 7101, 7177, 8556, 8647, 8691, 8768, 9066, 9433, 9438, 9642, 9805, 9875]
23 [56, 218, 302, 1136, 2021, 2192, 2292, 2526, 2661, 2684, 3022, 3306, 3516, 3793, 3933, 4187, 4369, 5092, 5124, 8949, 9195, 9337, 9562]
27 [316, 492, 688, 773, 959, 996, 1273, 1530, 1687, 2986, 4247, 4796, 4839, 5470, 5611, 5691, 6982, 7245, 7286, 7323, 7342, 8043, 8492, 8548, 8831, 8866, 9625]
24 [138, 830, 1174, 1514, 2107, 2163, 2568, 3345, 3381, 3528, 3599, 3647, 3785, 3871, 3941, 4722, 4813, 4827, 5145, 6060, 7097, 7160, 7714, 9358]
16 [195, 997, 1551, 1674, 2895, 3147, 5245, 5732, 6322, 6812, 6977, 7547, 7783, 8468, 9230, 9452]
24 [23, 332, 363, 434, 860, 912, 1382, 1789, 2145, 2162, 2752, 3610, 3676, 4151, 4632, 5373, 5573, 6165, 6531, 8275, 8999, 9026, 9147, 9518]
16 [230, 476, 599, 771, 1434, 2411, 2666, 3225, 3285, 3344, 3502, 3696, 6029, 7831, 8244, 9469]
19 [277, 466, 715, 1130, 2014, 2023, 2068, 2304, 3068, 4352, 5875, 6106, 6614, 6684, 7384, 7651, 7786, 7966, 8475]
23 [422, 530, 1225, 2019, 2971, 3117, 3606, 3849, 4618, 4640, 4835, 5664, 5695, 6470, 7416, 7628, 7747, 8464, 8846, 9477, 9504, 9730, 9934]
25 [106, 127, 818, 878, 998, 1493, 1773, 2427, 2530, 2651, 2816, 3226, 3313, 4269, 4646, 5116, 6828, 7409, 7536, 7733, 7975, 8207, 8480, 8923, 9120]
20 [1121, 1168, 1502, 1892, 2027, 2278, 2681, 3848, 3950, 4680, 5568, 6291, 6556, 6926, 7078, 7449, 8085, 8090, 8168, 9083]
23 [266, 325, 401, 814, 903, 1264, 2364, 2391, 2905, 3378, 3691, 4139, 4606, 5344, 5402, 5928, 5959, 6004, 7579, 7908, 8746, 9003, 9931]
26 [145, 330, 743, 1019, 1428, 1636, 2259, 2270, 3233, 3449, 3454, 3678, 3908, 4030, 5557, 5826, 6223, 6570, 7570, 7716, 7936, 8473, 8716, 8791, 8900, 9633]
22 [407, 780, 1081, 1153, 1516, 1679, 1739, 1987, 2016, 2497, 2936, 4865, 6075, 6136, 6144, 6254, 6351, 6377, 7148, 7252, 8615, 8962]
25 [662, 950, 1037, 2200, 2652, 2815, 2932, 3185, 3265, 3387, 3743, 4531, 4964, 5394, 5535, 5786, 5816, 6219, 6797, 6953, 7561, 7641, 7675, 8651, 9594]
31 [270, 271, 393, 1497, 1604, 2419, 2445, 2576, 3666, 4015, 4150, 4306, 4845, 5339, 5715, 6072, 6215, 6232, 6450, 6503, 6504, 6792, 7222, 7686, 8153, 8363, 8616, 8898, 8991, 9185, 9765]
23 [75, 404, 671, 775, 925, 1095, 1939, 2032, 2035, 2540, 2831, 3447, 4169, 6370, 6440, 6835, 7030, 7298, 7657, 8357, 9030, 9074, 9530]
26 [168, 185, 1124, 1247, 2105, 3653, 4024, 4131, 4175, 4639, 4728, 4807, 4832, 4904, 4910, 5203, 5669, 6094, 6451, 6714, 7036, 7771, 7828, 8102, 8857, 9300]
25 [1417, 1429, 1496, 1525, 1783, 2456, 3352, 3997, 4223, 4664, 4709, 4769, 4938, 5452, 5779, 5856, 6524, 6922, 6938, 6969, 7227, 7241, 7289, 8095, 9158]
18 [37, 208, 244, 350, 1145, 1196, 1694, 3935, 3973, 4161, 6482, 6533, 6893, 7205, 8491, 9009, 9160, 9927]
29 [902, 1199, 1384, 1553, 1893, 2365, 2955, 3036, 3152, 3300, 3363, 3399, 3682, 3773, 3816, 4600, 4843, 5895, 5910, 6609, 7292, 7339, 7493, 7811, 8595, 8757, 9741, 9742, 9932]
24 [13, 734, 1142, 1193, 1899, 1920, 2818, 2869, 3067, 3296, 4405, 4456, 4491, 4797, 4891, 5348, 5508, 5601, 5753, 7738, 7815, 8387, 8980, 9298]
26 [399, 842, 1291, 1378, 1655, 1734, 2298, 2864, 3150, 3415, 4201, 4650, 4950, 5492, 5771, 5849, 6378, 6679, 6800, 7251, 7293, 7444, 7548, 7585, 8364, 8774]
22 [500, 794, 836, 958, 1302, 1841, 2229, 2402, 3424, 4478, 5201, 5435, 5807, 6110, 6142, 6773, 7259, 7825, 7924, 8466, 8875, 9314]
30 [596, 922, 1801, 2138, 2158, 2559, 2675, 2706, 2912, 3037, 3710, 3948, 4368, 4409, 4739, 4767, 5074, 5272, 6002, 6572, 6668, 7299, 8199, 8671, 8834, 8918, 9118, 9190, 9754, 9942]
26 [390, 534, 1859, 1965, 2907, 3181, 3250, 3252, 4443, 5988, 6019, 6108, 6198, 6321, 6395, 6612, 6930, 7447, 8005, 8341, 9055, 9069, 9335, 9511, 9570, 9878]
25 [98, 150, 169, 343, 471, 759, 1968, 1971, 2171, 2314, 2622, 3231, 3652, 4122, 4439, 5006, 5169, 5455, 6962, 7310, 7428, 8347, 8944, 9684, 9892]
27 [54, 1039, 1208, 1643, 1851, 2012, 2293, 2409, 2412, 3063, 3260, 4988, 5623, 5629, 5658, 5761, 7735, 7953, 8211, 8262, 8355, 8567, 8569, 8664, 9226, 9674, 9801]
23 [739, 762, 1498, 1577, 1715, 1718, 2271, 2627, 2635, 3814, 4683, 5065, 5156, 5266, 5453, 5972, 6032, 6935, 7469, 7602, 8066, 8452, 8524]
24 [356, 489, 764, 789, 1462, 1973, 2000, 2329, 2538, 2679, 2731, 3160, 4710, 4768, 4934, 5372, 5524, 6120, 6652, 7689, 8024, 8180, 8966, 8993]
29 [938, 1403, 1419, 1479, 1544, 2482, 2500, 2746, 2783, 2834, 3039, 3083, 3141, 3524, 3977, 4283, 4339, 4660, 5076, 5847, 6521, 6980, 7981, 8208, 8496, 8673, 9061, 9630, 9818]
27 [30, 1388, 1826, 1898, 1977, 2181, 2760, 3035, 3462, 3802, 3881, 4080, 5739, 5889, 6062, 6129, 7004, 7452, 7537, 8099, 8205, 8588, 8817, 8832, 8941, 9799, 9876]
20 [855, 954, 1076, 2125, 2184, 2703, 2984, 3532, 4225, 4857, 5409, 5673, 5855, 6889, 7238, 7443, 7445, 7927, 8261, 8852]
21 [25, 588, 845, 1618, 1867, 2245, 2819, 4203, 4671, 6716, 7003, 7142, 7202, 7917, 7990, 8162, 8354, 8633, 8989, 9175, 9229]
32 [182, 364, 515, 645, 686, 1699, 1914, 2075, 2284, 2290, 2520, 2687, 2718, 3093, 3596, 4153, 4202, 4347, 4743, 4984, 5386, 5520, 7300, 7736, 7794, 8037, 8319, 8455, 8552, 8837, 9446, 9624]
27 [474, 1409, 2015, 2463, 2719, 3072, 3287, 3430, 3553, 3719, 3919, 4021, 4816, 5410, 5542, 5564, 5617, 5701, 5912, 5967, 5975, 6750, 7025, 7190, 8194, 8450, 9853]
32 [462, 1733, 1976, 2240, 2413, 3451, 3723, 3966, 4360, 4642, 5533, 5866, 6192, 6579, 6794, 6810, 6934, 7016, 7135, 7335, 7432, 7575, 7715, 7761, 7900, 7956, 8291, 8481, 8798, 8849, 9189, 9259]
23 [610, 825, 918, 1236, 1702, 2221, 3438, 4058, 4973, 5239, 5338, 6288, 6318, 6663, 6666, 6756, 8177, 8417, 8705, 8878, 9111, 9728, 9738]
23 [63, 615, 672, 1336, 1343, 1614, 3125, 3854, 3913, 3974, 4582, 4624, 5829, 5905, 6801, 8025, 8210, 8825, 9151, 9679, 9720, 9758, 9982]
22 [28, 314, 520, 1195, 1228, 1239, 1599, 2261, 3121, 3931, 4037, 4378, 4513, 5078, 5137, 5475, 5518, 7015, 8220, 8336, 8565, 9907]
28 [92, 214, 804, 1668, 1791, 1846, 1962, 1999, 2139, 3090, 3100, 3724, 3938, 4420, 4564, 4581, 5051, 5186, 5558, 6453, 7510, 7550, 7624, 7895, 8251, 9155, 9188, 9890]
23 [187, 488, 699, 1616, 2037, 2044, 2149, 2557, 3503, 3547, 3833, 4185, 5036, 5091, 5240, 5913, 6459, 6488, 6567, 6667, 6760, 9130, 9983]
41 [60, 204, 812, 937, 1371, 1700, 1701, 1769, 1983, 2583, 2804, 2849, 3054, 3385, 3396, 3827, 3870, 4207, 4272, 4876, 5267, 5286, 5306, 5416, 5444, 5672, 5987, 6081, 7376, 7378, 7391, 7687, 8086, 8469, 8706, 8802, 9269, 9465, 9596, 9904, 9940]
30 [636, 1767, 1886, 2030, 2217, 2279, 2444, 2501, 2904, 3169, 3846, 3986, 4184, 4762, 5126, 5489, 5620, 5638, 5908, 5947, 6341, 6363, 8213, 8286, 8640, 8914, 9403, 9613, 9694, 9809]
24 [132, 706, 730, 862, 1202, 1411, 1708, 1844, 2308, 3033, 3559, 3650, 4231, 4607, 4887, 5902, 6611, 6739, 8315, 8714, 8736, 9240, 9306, 9371]
32 [389, 729, 1069, 1926, 2244, 2663, 4099, 4102, 4364, 4375, 4535, 4586, 4598, 4755, 4995, 5313, 5430, 5572, 5711, 6957, 7055, 7801, 7822, 7855, 8089, 8185, 8189, 8252, 9058, 9286, 9380, 9579]
30 [242, 512, 1015, 1027, 1032, 1276, 1990, 2257, 2296, 2963, 3662, 3734, 3820, 4424, 4438, 4676, 4684, 4939, 6979, 7021, 7229, 8409, 8421, 8446, 9016, 9059, 9432, 9686, 9786, 9834]
23 [452, 928, 2204, 2269, 2723, 3261, 3509, 4154, 4314, 4717, 4812, 5049, 5274, 5354, 6584, 6649, 6901, 8017, 8139, 9250, 9527, 9646, 9806]
18 [420, 879, 2470, 2550, 3808, 4114, 4193, 5136, 5657, 5774, 5991, 6052, 6540, 7679, 8142, 8460, 9097, 9676]
24 [27, 695, 981, 1288, 1995, 3146, 3957, 3961, 4682, 4846, 5359, 5651, 5917, 5956, 6409, 6819, 6949, 7141, 7798, 8609, 9101, 9232, 9292, 9782]
18 [412, 562, 1079, 1478, 1607, 4146, 4263, 4841, 5028, 6086, 6369, 6620, 6951, 7681, 8392, 8830, 9389, 9928]
41 [768, 1116, 2081, 2164, 2359, 2383, 2605, 3309, 3380, 3466, 3631, 3644, 3877, 3887, 3925, 4106, 4140, 4197, 4519, 4597, 4993, 5016, 5069, 5511, 5870, 6350, 6554, 6569, 6677, 7173, 7351, 7819, 7867, 7898, 8111, 8328, 8920, 9462, 9583, 9588, 9675]
34 [6, 220, 473, 495, 518, 917, 1158, 1212, 1749, 2553, 2598, 2606, 2766, 3166, 3186, 3258, 3817, 4808, 4958, 4975, 5226, 5403, 5487, 5585, 6494, 7929, 8223, 8366, 8411, 8415, 8478, 8703, 9416, 9963]
31 [151, 821, 1139, 1175, 1512, 2059, 2909, 2979, 3819, 4098, 4148, 5275, 6037, 6216, 6330, 6437, 6617, 6656, 7213, 7374, 7527, 8100, 8995, 9054, 9271, 9383, 9448, 9506, 9745, 9780, 9810]
22 [137, 394, 460, 1486, 1881, 2166, 2406, 2506, 2720, 2820, 2846, 2992, 3347, 5709, 6430, 7212, 7429, 7649, 8690, 9008, 9601, 9817]
27 [338, 365, 441, 911, 1353, 1751, 2795, 3170, 3234, 3469, 3523, 3530, 3639, 3955, 4430, 4924, 5133, 5869, 6140, 6278, 6448, 6485, 7512, 8074, 8907, 9000, 9375]
24 [73, 146, 1560, 1835, 2300, 2448, 2748, 2995, 3376, 3421, 3699, 4923, 5296, 5365, 5367, 5383, 5567, 7257, 7318, 7899, 8166, 8338, 8384, 8990]
22 [252, 849, 1101, 1326, 1756, 2008, 2036, 2373, 2596, 3342, 4025, 5399, 5843, 5943, 6486, 7176, 7459, 8859, 8954, 8959, 9688, 9864]
18 [155, 378, 432, 3032, 3103, 3953, 4275, 5914, 6107, 6623, 7211, 8178, 8580, 8958, 9057, 9098, 9411, 9708]
23 [48, 224, 396, 477, 721, 1275, 2028, 2425, 2430, 2593, 2744, 3864, 4781, 5142, 5478, 5552, 5708, 6151, 6180, 8002, 8547, 9081, 9114]
27 [402, 656, 813, 946, 1227, 1622, 1831, 2111, 2273, 2313, 3567, 4227, 4711, 5636, 5644, 6202, 6297, 6517, 7553, 8150, 8202, 8393, 8573, 9401, 9829, 9833, 9883]
26 [321, 421, 1311, 1510, 2288, 2778, 2977, 3434, 4001, 4874, 5030, 5958, 6194, 6328, 6736, 6845, 7210, 7295, 7424, 7565, 7699, 7757, 8600, 9332, 9845, 9999]
29 [47, 172, 1274, 1317, 2400, 3470, 3671, 3697, 4291, 4388, 4487, 4530, 5322, 5857, 6311, 6382, 7165, 7366, 7607, 8233, 8269, 8296, 8416, 8738, 9095, 9331, 9663, 9798, 9888]
25 [103, 358, 384, 737, 1064, 1313, 2514, 4599, 4896, 5632, 5719, 6168, 6588, 6627, 7011, 7136, 7446, 7765, 7780, 8544, 8722, 8916, 8961, 9320, 9510]
20 [174, 215, 339, 1394, 1922, 1993, 2525, 3044, 3778, 5159, 6089, 6538, 6890, 7045, 7151, 7611, 8281, 8704, 9222, 9992]
32 [795, 905, 1191, 1456, 1461, 2363, 2926, 3283, 3392, 4464, 4610, 4759, 4821, 4844, 4852, 4894, 5317, 5462, 6066, 6266, 6483, 6710, 7012, 7616, 8219, 8339, 8502, 8707, 8733, 9159, 9523, 9839]
28 [78, 158, 874, 931, 1263, 1467, 1574, 1969, 2189, 3408, 4027, 4746, 4906, 4945, 5539, 6182, 6769, 6770, 7037, 7410, 8118, 8258, 8654, 9211, 9398, 9427, 9867, 9874]
17 [83, 2712, 2774, 3229, 3706, 3712, 3904, 6592, 6675, 7769, 8240, 8335, 8827, 8925, 9516, 9958, 9967]
14 [1049, 1166, 1526, 1812, 2983, 4032, 4320, 6026, 7387, 8079, 8810, 8976, 9080, 9385]
28 [431, 472, 1005, 1572, 1639, 1741, 1848, 2490, 2502, 2569, 2876, 3263, 3638, 3979, 4789, 4853, 5528, 6164, 6598, 7711, 7999, 8094, 8170, 8410, 8576, 9243, 9739, 9965]
17 [104, 1181, 2025, 3294, 4134, 4252, 4625, 5515, 5884, 6063, 6105, 6471, 6852, 7248, 7394, 8499, 8978]
26 [14, 919, 947, 1795, 1890, 2103, 2392, 2434, 3003, 3558, 4082, 5469, 5503, 5804, 5934, 6347, 6356, 6599, 6688, 6832, 7256, 7350, 7383, 7544, 8176, 8864]
24 [7, 71, 273, 400, 1040, 1501, 1628, 1953, 2127, 2366, 2416, 2595, 2908, 3249, 3619, 4693, 5589, 5896, 6183, 6325, 7515, 8303, 8395, 9566]
21 [1173, 1799, 2160, 3240, 3348, 3407, 3946, 5541, 6077, 6613, 6713, 7132, 7146, 7805, 8126, 8156, 8229, 8253, 8419, 8816, 9455]
34 [216, 366, 582, 649, 896, 1400, 1698, 2003, 2048, 2334, 2398, 2513, 2747, 2835, 2933, 3299, 3515, 4647, 4673, 4764, 4850, 5075, 5135, 6312, 6396, 7854, 7948, 8042, 8098, 8597, 8797, 9394, 9576, 9678]
26 [592, 831, 886, 1231, 1337, 1559, 2773, 2790, 3049, 3766, 4132, 4194, 4528, 4589, 4898, 4946, 5022, 5437, 5941, 5994, 7347, 8602, 8778, 9284, 9423, 9550]
25 [243, 346, 944, 1023, 1495, 1531, 1619, 2064, 2176, 2916, 3230, 3374, 3714, 3749, 4088, 4678, 5577, 6070, 6163, 6539, 6829, 7361, 8104, 8638, 9263]
32 [391, 490, 682, 776, 1355, 1545, 1683, 1711, 2321, 2873, 3194, 3239, 3305, 3552, 3674, 3758, 4031, 4215, 5063, 5140, 5717, 5924, 6407, 6776, 7850, 8049, 8184, 8557, 8788, 8793, 9260, 9998]
24 [102, 318, 1250, 1692, 1912, 2660, 2828, 2902, 3318, 3471, 3514, 4268, 4929, 5497, 6514, 6818, 7189, 7605, 7967, 7983, 8644, 8688, 9146, 9384]
23 [206, 1488, 2488, 2938, 2940, 3243, 3525, 4302, 4343, 4399, 4413, 5276, 5352, 5932, 6604, 6752, 6873, 7120, 7775, 8887, 9303, 9657, 9685]
18 [602, 684, 727, 840, 1093, 1603, 2671, 2841, 2893, 4096, 5755, 6017, 6303, 7650, 8078, 8165, 9258, 9640]
18 [881, 1332, 3361, 5234, 5500, 5509, 6843, 7093, 7615, 7640, 7986, 8440, 8483, 8662, 8807, 9135, 9417, 9671]
23 [984, 1054, 1126, 1182, 1606, 2223, 2422, 2613, 2640, 2853, 3805, 4567, 5682, 5828, 6161, 6206, 7034, 7949, 7977, 8367, 9341, 9683, 9725]
24 [107, 272, 284, 368, 965, 1244, 1430, 1613, 2083, 2237, 3721, 4448, 4725, 5819, 5821, 5990, 6879, 6887, 7367, 8903, 8967, 9116, 9356, 9748]
25 [134, 336, 826, 869, 1966, 2120, 2343, 2539, 2585, 2677, 2829, 4210, 4337, 4507, 4573, 5257, 5400, 6114, 6975, 7207, 7281, 8905, 8950, 9395, 9772]
27 [53, 569, 1784, 2740, 2776, 3534, 3726, 4165, 4376, 4514, 4788, 5202, 6162, 6271, 6280, 6961, 7081, 7397, 7597, 7773, 8020, 8308, 8796, 8803, 8843, 9019, 9102]
29 [142, 651, 1303, 1480, 1527, 2004, 2172, 2999, 3008, 3027, 3852, 4636, 5077, 5308, 5337, 5547, 5671, 5853, 6262, 6783, 6856, 7187, 7713, 7721, 7910, 8195, 8317, 8619, 8795]
29 [136, 386, 665, 1680, 2154, 2575, 2733, 3302, 3921, 4341, 4824, 4944, 5360, 5457, 5591, 5707, 5789, 6247, 6785, 6821, 7032, 7633, 8418, 8510, 8851, 9179, 9724, 9972, 9989]
22 [362, 383, 509, 652, 846, 858, 1260, 1770, 2611, 3414, 3436, 4061, 4195, 4345, 4648, 5229, 6135, 6221, 6462, 6717, 7778, 8603]
26 [265, 797, 2170, 2324, 2543, 2730, 2763, 2914, 4045, 4319, 4324, 4331, 4596, 4662, 4916, 4966, 5852, 6642, 7006, 7196, 7405, 7934, 8407, 8931, 9282, 9950]
29 [93, 125, 152, 235, 952, 1850, 2714, 2743, 3488, 3504, 3835, 4278, 4963, 5050, 5143, 5556, 6227, 6265, 6294, 6565, 6871, 7180, 7400, 7654, 8720, 8940, 9085, 9779, 9814]
25 [111, 1018, 1210, 1460, 2325, 2736, 2771, 2886, 2913, 3409, 4736, 5213, 5340, 5494, 5628, 6229, 7261, 7612, 8160, 8167, 8371, 8718, 8811, 8984, 9615]
26 [1060, 2643, 3180, 3382, 3456, 3815, 3902, 4145, 4515, 4817, 5053, 5056, 5149, 6648, 6831, 7287, 7305, 7337, 7389, 7395, 7668, 7821, 8622, 9071, 9734, 9843]
17 [97, 1389, 1786, 1935, 2198, 2664, 2824, 2888, 3254, 3560, 3634, 4090, 4560, 5724, 7115, 8082, 9985]
34 [438, 514, 964, 1078, 1217, 1640, 1760, 1847, 1885, 1895, 2212, 2344, 2625, 2891, 2928, 3350, 3836, 3885, 3920, 5095, 5706, 5919, 6087, 6256, 6473, 6858, 7106, 7619, 8304, 8943, 9280, 9349, 9956, 9970]
25 [380, 898, 1581, 1591, 1625, 1809, 2330, 3807, 4270, 4501, 5428, 5890, 6041, 6345, 6421, 6432, 7056, 7070, 7105, 7264, 7491, 7702, 8630, 9210, 9740]
25 [80, 508, 1406, 2101, 2135, 2481, 2796, 2825, 3960, 4355, 4401, 4533, 4778, 5243, 5835, 5963, 6390, 7994, 8889, 8933, 9031, 9165, 9176, 9387, 9430]
29 [170, 259, 1455, 1778, 1944, 1978, 2110, 2345, 2644, 2832, 2951, 3112, 4086, 4128, 4384, 4969, 5037, 5181, 5238, 6374, 6412, 6738, 7143, 7169, 7268, 7961, 8028, 9091, 9990]
27 [194, 732, 1287, 1407, 2495, 2662, 3102, 3319, 3465, 3541, 3753, 4232, 4433, 5794, 7019, 7666, 7788, 7919, 9065, 9142, 9197, 9281, 9293, 9322, 9339, 9419, 9602]
21 [758, 1346, 1513, 1781, 2920, 3386, 3628, 3659, 3978, 4049, 5244, 5341, 5667, 5748, 6101, 7085, 8287, 8372, 8871, 9290, 9978]
30 [413, 443, 571, 630, 824, 1233, 1575, 1777, 1833, 2594, 3622, 4440, 4444, 4546, 4949, 5465, 5738, 6491, 6685, 7275, 7343, 7421, 7767, 7823, 8462, 8599, 8841, 9092, 9223, 9755]
22 [16, 801, 1107, 1499, 2077, 2566, 2861, 3221, 3794, 3905, 3936, 4083, 4933, 5468, 6385, 6573, 6641, 7302, 7835, 8512, 8799, 9215]
29 [683, 1187, 1334, 1540, 2657, 3048, 3136, 3916, 4036, 4063, 4955, 5127, 5172, 5472, 5576, 6364, 7325, 7636, 7639, 7799, 8350, 8517, 8740, 9287, 9313, 9330, 9365, 9555, 9611]
20 [58, 433, 731, 1991, 2084, 3912, 4157, 4246, 4366, 4523, 4572, 4675, 5059, 5940, 7152, 7460, 7632, 7645, 8044, 8144]
23 [920, 1656, 2215, 2471, 2685, 3395, 3474, 3703, 3890, 4147, 4394, 5377, 5426, 5481, 5543, 5569, 5735, 6276, 7112, 7525, 7695, 8016, 9145]
31 [577, 581, 611, 638, 882, 987, 1138, 1940, 2342, 2529, 2626, 3582, 3891, 4685, 5035, 5197, 5513, 5918, 6431, 7288, 7354, 7781, 8175, 8295, 9121, 9138, 9355, 9435, 9542, 9597, 9776]
24 [131, 376, 716, 765, 863, 1520, 1763, 1972, 2320, 2577, 2931, 3038, 3128, 3322, 3745, 3838, 4287, 4511, 5831, 6654, 6994, 7079, 7166, 8868]
28 [179, 608, 717, 993, 1481, 2485, 2741, 2906, 2935, 3346, 3731, 3752, 4068, 4985, 5013, 5041, 5180, 5265, 5318, 5729, 5874, 6376, 6734, 7185, 7889, 7943, 8257, 8260]
21 [164, 223, 820, 974, 1464, 1800, 1808, 2090, 2890, 3280, 4696, 4811, 5054, 5510, 5879, 7117, 7244, 8574, 8781, 8988, 9586]
26 [923, 1265, 2062, 2121, 2486, 2492, 3898, 3930, 4196, 4423, 5103, 5291, 6125, 6234, 6749, 6764, 7059, 7240, 7269, 7984, 8132, 8278, 8435, 8652, 8719, 9454]
23 [415, 418, 531, 553, 635, 2417, 2614, 2698, 3929, 4104, 4350, 4476, 5550, 5733, 5952, 6059, 6188, 7303, 7517, 8221, 8812, 9321, 9569]
23 [255, 1088, 1269, 2459, 2894, 2896, 2927, 3097, 3444, 3716, 4942, 5290, 5627, 6015, 6368, 6480, 6729, 7589, 7865, 8571, 9233, 9449, 9532]
23 [385, 461, 689, 2086, 2123, 2705, 3736, 4062, 4120, 4274, 4635, 4940, 4947, 5392, 6049, 6250, 7249, 8200, 8379, 8869, 9220, 9237, 9310]
28 [64, 1031, 1627, 1829, 2071, 2326, 3248, 3490, 3517, 4012, 4047, 4354, 5221, 5635, 6149, 6275, 6408, 6442, 6996, 7049, 7156, 7843, 7844, 7851, 8674, 8862, 8930, 9490]
32 [70, 79, 200, 231, 372, 977, 1519, 1666, 1897, 2580, 2582, 2973, 3700, 3987, 4011, 4321, 4419, 4503, 5215, 5653, 5878, 5981, 6207, 6315, 6403, 7438, 7507, 8056, 9218, 9221, 9563, 9699]
28 [970, 1178, 1645, 1873, 2350, 2676, 3692, 4829, 5009, 5745, 6237, 6371, 6644, 6825, 6992, 7226, 7419, 7494, 7876, 8065, 8282, 8620, 8957, 9051, 9285, 9333, 9693, 9852]
31 [549, 989, 1296, 1825, 1902, 1932, 2124, 2161, 2556, 2641, 2842, 3096, 3174, 3184, 3737, 4830, 5559, 5858, 6314, 6493, 6661, 7539, 8047, 8116, 8398, 8542, 8897, 9214, 9270, 9507, 9715]
17 [251, 560, 766, 1583, 2466, 2874, 3795, 4009, 4455, 5362, 5560, 6336, 6577, 6715, 8131, 8531, 9778]
27 [353, 516, 718, 833, 916, 1218, 1331, 1753, 2812, 4472, 4747, 5544, 5742, 5880, 5998, 6022, 6244, 6508, 6560, 6826, 7436, 7937, 7993, 8348, 8767, 9572, 9901]
16 [52, 576, 868, 1190, 1450, 2060, 2339, 2573, 4504, 4550, 6806, 7000, 8601, 8735, 9088, 9245]
25 [679, 1646, 1754, 2039, 2255, 2319, 2355, 2630, 2857, 3288, 3565, 5321, 5949, 6823, 7235, 7490, 7522, 8593, 8758, 8895, 9029, 9495, 9571, 9637, 9959]
32 [907, 943, 1489, 1509, 1566, 2177, 2262, 3271, 3518, 3590, 3740, 3964, 4282, 4591, 5102, 5618, 5656, 5796, 5871, 6476, 6608, 6742, 6765, 6894, 7026, 7309, 7789, 8103, 8769, 8885, 9698, 9726]
31 [757, 1518, 2282, 2340, 2357, 2732, 3021, 3440, 5299, 5353, 5387, 6048, 6137, 6189, 6295, 6425, 6436, 6635, 7047, 7157, 7171, 7246, 7567, 7606, 7732, 7995, 8222, 8479, 8790, 9340, 9889]
28 [478, 1602, 1676, 2658, 3107, 3323, 3486, 4059, 4156, 4198, 4305, 4322, 4936, 5002, 5285, 5787, 5824, 6195, 6768, 7239, 7599, 8112, 8397, 8785, 9107, 9124, 9483, 9621]
20 [226, 792, 870, 1104, 3217, 4038, 5199, 6199, 7398, 7577, 7754, 7804, 7944, 7978, 8459, 8858, 8977, 9609, 9636, 9662]
21 [101, 129, 502, 650, 3191, 3281, 4281, 4418, 5107, 5300, 5355, 6489, 7044, 7080, 7095, 7753, 8209, 8612, 8902, 9485, 9952]
21 [1857, 2361, 2597, 2974, 3017, 3278, 3284, 3813, 4277, 4999, 5270, 6088, 6112, 6610, 6698, 7448, 7762, 7957, 8157, 8403, 8568]
33 [11, 880, 1318, 1424, 1504, 1506, 1633, 1802, 1805, 2331, 2388, 3122, 3411, 3435, 4428, 5936, 6245, 7113, 7140, 7194, 7646, 7659, 7680, 8288, 8665, 8667, 8777, 8912, 9447, 9508, 9659, 9885, 9924]
30 [269, 529, 741, 802, 956, 1143, 1392, 1732, 1904, 2186, 3847, 4066, 4558, 5089, 5227, 5385, 5432, 5464, 6006, 6500, 7499, 7802, 7810, 8075, 8522, 9106, 9350, 9456, 9484, 9938]
21 [291, 445, 1590, 1815, 1824, 2450, 2755, 3572, 3757, 4189, 4395, 4851, 5307, 6535, 7435, 7704, 8344, 8708, 8814, 9520, 9815]
21 [171, 467, 713, 891, 1100, 1285, 1585, 2285, 2968, 3069, 3088, 3413, 4518, 5848, 6169, 6597, 7712, 7744, 7931, 8023, 8968]
23 [62, 564, 1310, 1454, 2620, 2729, 2751, 2959, 3264, 3472, 3482, 3495, 3858, 4585, 5004, 5196, 6020, 6031, 6449, 7896, 9132, 9668, 9870]
30 [287, 667, 1220, 1528, 1542, 1757, 2309, 2572, 2770, 3040, 3489, 3872, 4538, 5099, 7029, 7071, 7107, 7504, 7688, 7739, 8052, 8179, 8322, 8434, 8649, 8906, 9312, 9468, 9565, 9811]
24 [312, 442, 1008, 1155, 1393, 2390, 2608, 4541, 5072, 5090, 5132, 5536, 5586, 5676, 5759, 5768, 5864, 6696, 7276, 7998, 8254, 8624, 9045, 9225]
17 [428, 1132, 1772, 2005, 2650, 2877, 3095, 3832, 5531, 5637, 5783, 6751, 7274, 8248, 8386, 8870, 9247]
28 [116, 210, 475, 746, 1362, 1587, 2275, 2367, 2462, 2535, 2589, 2725, 2750, 2768, 2794, 4562, 5160, 5277, 5780, 6319, 6522, 7255, 7477, 7759, 8340, 8509, 8913, 9070]
34 [61, 570, 614, 843, 851, 1177, 1330, 1410, 1482, 2570, 3065, 3544, 3735, 3828, 4298, 4429, 4516, 4525, 4907, 6735, 7001, 7396, 7897, 8070, 8234, 9011, 9012, 9228, 9257, 9274, 9366, 9409, 9458, 9641]
28 [1, 122, 340, 414, 865, 953, 983, 1251, 1571, 1626, 1652, 1930, 2348, 2351, 3624, 3665, 3722, 4442, 4780, 5491, 5686, 6487, 6757, 7473, 7760, 8019, 8031, 9342]
32 [257, 723, 1759, 2174, 2254, 2432, 3149, 3579, 3995, 4054, 4069, 4101, 4758, 4818, 5258, 5505, 5916, 6676, 7052, 7320, 7526, 7776, 7840, 8011, 8242, 8271, 8636, 8695, 8748, 8952, 8987, 9629]
23 [211, 426, 790, 1188, 1598, 1691, 1704, 3581, 4229, 4335, 4935, 5584, 6481, 6509, 6603, 6732, 6759, 7134, 7706, 8679, 9373, 9774, 9957]
23 [351, 361, 605, 627, 1171, 1433, 1453, 1463, 1696, 2131, 3742, 3926, 6384, 6900, 7009, 7048, 7061, 7174, 8342, 8526, 8659, 8680, 9836]
22 [705, 897, 1435, 1584, 2208, 2210, 2268, 3417, 3566, 4692, 5010, 5665, 6298, 6755, 7402, 8036, 8143, 8152, 8899, 9117, 9191, 9517]
20 [77, 708, 819, 1414, 1883, 2148, 2201, 2939, 3196, 3422, 3500, 3713, 3927, 4721, 4819, 6212, 7046, 7204, 8501, 8873]
28 [135, 593, 647, 901, 1082, 1129, 1854, 2197, 2249, 2560, 2617, 2833, 3177, 3371, 3797, 4220, 4580, 5098, 5566, 5594, 5702, 6530, 7519, 8506, 8532, 9372, 9457, 9514]
26 [1347, 2295, 3368, 4318, 4357, 4502, 4543, 5490, 5579, 5583, 5716, 5860, 5886, 6016, 6520, 6525, 6653, 6726, 7014, 7060, 7184, 8021, 8068, 8938, 9304, 9841]
22 [234, 526, 740, 1055, 1342, 2114, 2183, 2327, 2473, 3519, 3811, 4113, 4173, 4775, 4777, 6123, 6366, 7329, 8694, 8809, 9357, 9690]
27 [425, 875, 951, 1476, 1785, 2045, 2102, 2399, 2735, 3865, 4212, 4379, 4989, 5421, 5495, 6694, 6789, 6860, 6919, 7322, 7652, 7814, 8312, 8936, 9015, 9479, 9900]
27 [167, 800, 1398, 1780, 2063, 2312, 2393, 3219, 3282, 3570, 4217, 4367, 4374, 4576, 5130, 5173, 5384, 5960, 6033, 6720, 7083, 7439, 7501, 7941, 7950, 9100, 9266]
34 [109, 260, 712, 714, 978, 1041, 1490, 1635, 1727, 2316, 2956, 3393, 3441, 4073, 4089, 4445, 4612, 4990, 5005, 5043, 5463, 5865, 5938, 6119, 6267, 6745, 6779, 7043, 7364, 7592, 7894, 9460, 9645, 9949]
22 [546, 935, 1221, 1685, 2246, 4224, 4292, 4381, 4593, 5150, 5214, 5647, 6036, 6490, 6632, 7661, 7766, 8174, 8687, 8794, 9153, 9295]
25 [15, 144, 281, 533, 680, 1412, 2054, 3143, 3475, 3959, 4097, 4870, 5621, 5639, 6279, 6978, 7065, 8080, 8560, 8761, 9113, 9436, 9747, 9877, 9920]
28 [1256, 1641, 2410, 2478, 2565, 2969, 3853, 4052, 4160, 4168, 4774, 5131, 5220, 5247, 5595, 6380, 7505, 7792, 8113, 8266, 8268, 8331, 8442, 8765, 9013, 9670, 9712, 9723]
22 [1328, 1358, 1547, 1967, 3173, 3733, 4724, 6398, 6461, 6528, 6699, 6731, 6892, 7018, 7128, 7461, 7958, 8494, 8534, 8689, 9580, 9682]
21 [96, 282, 1103, 1237, 2072, 2360, 5139, 5769, 5933, 7042, 7183, 7232, 7630, 7782, 7841, 7959, 8241, 8283, 8465, 8549, 9421]
25 [34, 1357, 2415, 3272, 3453, 3746, 4192, 4483, 4490, 5178, 5304, 5366, 5996, 6205, 6636, 7408, 8035, 8523, 8700, 8981, 9154, 9428, 9437, 9558, 9968]
28 [49, 334, 962, 967, 1050, 1189, 1282, 2092, 2472, 2477, 2648, 3109, 3445, 4056, 4105, 4467, 4701, 5815, 6000, 6309, 7523, 7622, 7793, 7872, 7907, 8404, 9463, 9703]
17 [2379, 3876, 3917, 4116, 4714, 4965, 5025, 5079, 5381, 5962, 6495, 8146, 8518, 8861, 9148, 9348, 9961]
28 [551, 612, 1004, 1811, 1822, 2972, 2988, 3615, 3658, 3732, 4163, 4301, 4726, 4884, 4886, 5792, 6039, 6181, 6292, 6532, 7348, 7692, 7756, 7772, 8495, 9198, 9519, 9793]
26 [1043, 1380, 1878, 2692, 3200, 3458, 4578, 4751, 4765, 4838, 5104, 5681, 5930, 5979, 6263, 7454, 7513, 7926, 8839, 9168, 9344, 9353, 9522, 9707, 9743, 9828]
28 [41, 217, 552, 748, 770, 1058, 1459, 2522, 2852, 3123, 3542, 3569, 3711, 3756, 4050, 5323, 6695, 6697, 7159, 7817, 7935, 8539, 8848, 8888, 9082, 9273, 9444, 9617]
23 [24, 628, 1270, 2358, 3058, 3205, 3251, 3549, 3695, 4162, 4234, 5837, 5978, 6277, 6646, 6968, 7682, 8148, 8400, 8856, 9099, 9719, 9737]
28 [1245, 2069, 2108, 2194, 2548, 3139, 3257, 3685, 4356, 5404, 5460, 5562, 5692, 5823, 5825, 5935, 6027, 6028, 6116, 6761, 7058, 7163, 7563, 7912, 8030, 8092, 8493, 8820]
25 [915, 1006, 1473, 1579, 1950, 2058, 2235, 2453, 3341, 3397, 3467, 3608, 3882, 3990, 4255, 4700, 5320, 5765, 5942, 5957, 6924, 7609, 8141, 8485, 9521]
19 [1046, 1148, 2042, 2823, 3157, 3521, 3708, 3781, 3944, 4327, 6308, 6786, 6882, 7041, 8117, 8218, 8377, 9028, 9823]
28 [728, 939, 1047, 1230, 1339, 1743, 2046, 2096, 2424, 3056, 3499, 3783, 3824, 4172, 4235, 4611, 5001, 5425, 5471, 5540, 7250, 7418, 7631, 8062, 8927, 9792, 9826, 9917]
28 [130, 147, 397, 992, 1305, 1443, 1877, 2196, 2384, 3840, 4159, 4393, 4527, 5066, 5356, 5380, 5727, 5861, 6141, 6220, 7067, 7200, 7779, 8519, 9161, 9288, 9770, 9921]
21 [557, 1766, 1901, 2487, 3025, 4900, 5184, 5580, 5614, 5925, 6903, 7847, 8018, 8022, 8249, 8427, 8752, 9359, 9654, 9729, 9846]
31 [267, 419, 521, 613, 1364, 1523, 1686, 1876, 2460, 2653, 2782, 3175, 3613, 3869, 4240, 4351, 5111, 5431, 5712, 5725, 6178, 6905, 6908, 7242, 7314, 8215, 8383, 8439, 8773, 9832, 9861]
27 [1167, 1458, 1776, 2006, 2335, 2898, 2975, 2991, 3859, 4142, 4264, 5333, 5697, 5714, 7104, 7360, 7590, 7812, 7863, 8529, 8561, 8712, 9181, 9687, 9697, 9790, 9821]
27 [222, 299, 417, 787, 2130, 2654, 3213, 3583, 3988, 4408, 4473, 4517, 5590, 5923, 6156, 6510, 6997, 7531, 7588, 7643, 7667, 7838, 8071, 8076, 8422, 9429, 9984]
28 [1762, 1768, 1856, 1909, 2020, 2875, 2957, 3585, 4392, 4561, 4707, 5301, 5525, 6095, 6122, 6404, 6458, 6790, 7503, 7583, 7598, 7710, 8231, 8805, 9032, 9064, 9126, 9946]
26 [554, 1684, 1746, 2203, 2346, 2915, 3228, 3286, 3423, 3446, 3531, 3545, 4118, 4213, 4219, 4773, 4840, 5782, 6816, 6847, 7145, 7496, 8867, 9021, 9474, 9973]
22 [18, 279, 410, 536, 1295, 1820, 3355, 4657, 4961, 5064, 5175, 5292, 5336, 6452, 6585, 6849, 7094, 7441, 7450, 8294, 8554, 8763]
28 [256, 537, 720, 976, 1385, 1569, 2431, 2499, 2669, 3308, 3336, 3592, 3643, 3707, 4249, 5155, 5832, 6025, 6551, 6870, 7422, 7662, 7834, 7985, 8119, 8594, 9658, 9847]
19 [162, 929, 1017, 1894, 2119, 2137, 2878, 3329, 3841, 5021, 5801, 6224, 6853, 7138, 7150, 7340, 8137, 8145, 8842]
21 [1278, 1517, 2353, 2370, 3255, 3704, 3787, 5231, 5282, 5643, 6634, 6692, 6941, 7144, 7390, 7703, 8236, 8646, 9318, 9439, 9981]
25 [33, 913, 1056, 1325, 1546, 1580, 2034, 2220, 2602, 3293, 3857, 4267, 5736, 6117, 6255, 6496, 6743, 7568, 7774, 8123, 8528, 9036, 9194, 9234, 9445]
28 [344, 587, 769, 1205, 1421, 1814, 2332, 2574, 3005, 3061, 3354, 3433, 3810, 3875, 4259, 5288, 6058, 6111, 6153, 6352, 6902, 7388, 7623, 7982, 8406, 8886, 9620, 9868]
30 [180, 1586, 1917, 2070, 2222, 2395, 2801, 2845, 3276, 3900, 3971, 4665, 4804, 4991, 5167, 5945, 6477, 6678, 6787, 7313, 7482, 7634, 7737, 7800, 8186, 8813, 8956, 9044, 9500, 9763]
31 [184, 238, 317, 342, 398, 459, 464, 541, 1063, 1067, 1253, 1301, 1395, 1747, 1992, 2637, 3075, 3603, 3748, 4250, 4552, 4953, 5062, 5211, 6728, 6899, 6931, 6955, 7743, 8343, 9251]
32 [264, 326, 603, 675, 822, 1001, 1229, 1451, 2038, 2041, 2129, 2280, 2338, 2461, 2590, 2645, 2696, 3145, 4188, 5236, 5827, 7272, 7471, 7879, 7906, 8190, 8563, 8701, 8965, 9343, 9605, 9820]
21 [1678, 1729, 1735, 1779, 1868, 2002, 2112, 2317, 2371, 2639, 2710, 4415, 4962, 4970, 5574, 5799, 6333, 6995, 7066, 9680, 9911]
33 [69, 173, 527, 1147, 1209, 1438, 1682, 1887, 2143, 2333, 3771, 4029, 4117, 4119, 4563, 4802, 5192, 5209, 5216, 6201, 6454, 6838, 6868, 7109, 7892, 7925, 7980, 8110, 8279, 8804, 8960, 9315, 9718]
26 [94, 148, 239, 644, 2165, 2242, 2302, 2759, 3476, 3728, 4127, 4238, 4495, 4718, 4754, 5600, 6410, 6796, 7358, 7672, 8008, 9119, 9577, 9706, 9797, 9987]
24 [446, 1561, 2209, 2753, 3004, 3110, 3151, 3164, 3316, 3452, 4093, 4462, 5017, 5803, 6190, 6204, 6916, 6940, 7197, 7203, 7486, 8217, 8553, 9047]
25 [119, 295, 301, 548, 873, 1080, 1300, 1670, 2093, 3664, 3909, 4285, 4468, 4670, 5602, 6447, 6638, 7725, 7992, 8197, 8243, 8438, 8613, 8855, 9513]
26 [283, 403, 698, 837, 1033, 1091, 1163, 2491, 3307, 3784, 4638, 4794, 4859, 5171, 5332, 5649, 5720, 5859, 6240, 6795, 7483, 7613, 8040, 8191, 9134, 9524]
25 [892, 899, 1020, 1025, 1866, 2449, 2464, 3161, 3165, 3326, 3837, 4199, 5563, 5677, 5777, 6802, 7301, 7381, 7506, 8467, 8476, 9178, 9635, 9769, 9831]
29 [566, 859, 1356, 2218, 2708, 2717, 3593, 3673, 3998, 4135, 4719, 4805, 5454, 5608, 6628, 7161, 7848, 7902, 8127, 8263, 8334, 8362, 8629, 9123, 9503, 9603, 9752, 9827, 9933]
24 [188, 1011, 1150, 1423, 2146, 2307, 2728, 2826, 2889, 3105, 4081, 4616, 5166, 6397, 7038, 7077, 7170, 7401, 7676, 7942, 8033, 9093, 9710, 9903]
24 [288, 480, 1697, 2266, 2694, 3390, 3934, 4171, 4529, 4833, 5141, 5248, 6193, 6337, 6973, 7458, 8437, 9264, 9431, 9473, 9533, 9545, 9647, 9971]
29 [35, 470, 844, 1466, 1557, 1675, 1830, 2134, 2496, 2571, 2670, 2686, 2707, 2867, 4317, 5225, 5412, 5705, 5813, 5893, 7192, 7549, 7742, 7887, 8525, 8730, 9110, 9137, 9716]
29 [196, 307, 828, 906, 990, 1503, 2380, 2536, 2711, 2892, 3359, 3573, 3589, 3648, 4112, 4244, 4447, 4649, 4801, 5391, 5758, 5882, 5968, 6413, 6542, 8302, 8645, 8971, 9559]
22 [124, 545, 1927, 2029, 2065, 2788, 2809, 2855, 2964, 3419, 3862, 4911, 5904, 6270, 6286, 6501, 6974, 7076, 8504, 8770, 9006, 9046]
26 [245, 960, 1044, 1261, 1836, 1852, 1875, 2323, 2868, 2962, 3303, 3897, 4609, 4687, 4810, 4849, 4925, 6344, 6863, 7671, 8107, 8289, 8297, 8508, 8570, 8893]
34 [513, 927, 1072, 1165, 1420, 2283, 3209, 3236, 3526, 3918, 4065, 4079, 4170, 4286, 4499, 4570, 4913, 5128, 5840, 5995, 6074, 6411, 6465, 6834, 6840, 7082, 7379, 7913, 7938, 8133, 9187, 9464, 9547, 9759]
30 [1192, 1252, 1548, 1839, 1985, 2047, 3367, 3586, 3614, 4236, 4251, 4952, 5011, 5731, 5970, 6358, 6456, 7099, 7199, 7243, 7787, 7808, 8000, 8424, 8974, 9048, 9649, 9665, 9922, 9964]
22 [110, 149, 1045, 1159, 2167, 2797, 3623, 4042, 4094, 4474, 4592, 5019, 5125, 5222, 6643, 7072, 7474, 7540, 7604, 8915, 9086, 9919]
21 [38, 567, 669, 673, 2668, 2761, 3129, 3437, 4144, 4863, 4878, 5596, 5961, 6213, 6778, 7480, 8309, 8520, 8618, 9020, 9608]
21 [609, 642, 1071, 1122, 1367, 2216, 3179, 3537, 4745, 4899, 5427, 5474, 5746, 6724, 6780, 6960, 8631, 9591, 9768, 9850, 9897]
23 [468, 1267, 1828, 1837, 1900, 1997, 2265, 2800, 3508, 3630, 4064, 4666, 5083, 5084, 5415, 6104, 6177, 7626, 7627, 8134, 8819, 9224, 9944]
23 [501, 590, 991, 1372, 1615, 1821, 1938, 2219, 3034, 3092, 3505, 4342, 4630, 4919, 4960, 5138, 5368, 6157, 6259, 6355, 6537, 6672, 7312]
28 [678, 1034, 1439, 1529, 1958, 2022, 2053, 2407, 2749, 2953, 3383, 3493, 3510, 4488, 5047, 5302, 6353, 6590, 6631, 6712, 6781, 6999, 8270, 8326, 8449, 9568, 9660, 9781]
32 [123, 889, 1074, 1200, 1234, 1522, 2057, 2082, 2642, 3002, 3086, 3327, 3428, 3677, 3762, 3844, 3884, 4626, 4686, 4694, 4705, 5014, 5146, 6154, 6467, 6578, 7155, 7764, 8698, 8877, 9238, 9644]
17 [1845, 2374, 2930, 3362, 4756, 5773, 5820, 6331, 7069, 7572, 7727, 7824, 8684, 8721, 9347, 9459, 9606]
23 [163, 455, 957, 1134, 1376, 1647, 1662, 1730, 2315, 2767, 2949, 3597, 5413, 5445, 5818, 6753, 7637, 7890, 8224, 8764, 8928, 9721, 9913]
23 [999, 1924, 2199, 3127, 3442, 3587, 4141, 4190, 4325, 5680, 5713, 6550, 6586, 6640, 6932, 7051, 7294, 7745, 8390, 8550, 8589, 8749, 9995]
24 [140, 161, 703, 1322, 1390, 1582, 1610, 1959, 2156, 2311, 2638, 3014, 3241, 5015, 5278, 5670, 6505, 6553, 7091, 7698, 8307, 9261, 9311, 9627]
27 [702, 793, 985, 1576, 1638, 1665, 2061, 2441, 2840, 3000, 3087, 3126, 3224, 3683, 4396, 5414, 6257, 7122, 7219, 7413, 7508, 7816, 8583, 9079, 9201, 9567, 9838]
23 [293, 447, 811, 888, 1396, 1644, 2518, 3497, 3954, 3976, 4018, 4361, 4404, 5260, 5747, 5901, 6209, 6670, 8724, 8771, 8891, 9204, 9363]
28 [205, 229, 331, 497, 772, 848, 1259, 1984, 2026, 2542, 2785, 3199, 3398, 3494, 4136, 4299, 4787, 5757, 6115, 6645, 7731, 8057, 8430, 8454, 9481, 9496, 9908, 9974]
26 [120, 839, 1427, 1974, 3798, 4100, 4333, 4441, 4568, 5039, 5147, 5650, 6030, 6836, 6885, 6907, 7231, 7874, 7903, 8067, 8727, 8932, 8982, 9227, 9248, 9610]
27 [309, 327, 930, 1013, 1068, 1861, 1896, 2191, 2945, 3403, 3633, 4167, 5042, 6401, 6682, 7278, 7502, 7576, 7723, 7728, 7905, 8051, 8114, 8298, 8330, 8441, 9267]
22 [42, 616, 643, 834, 968, 1988, 2031, 4158, 5645, 5926, 6543, 6616, 6923, 7324, 7922, 7933, 8389, 9393, 9756, 9825, 9955, 9996]
24 [523, 631, 1051, 1803, 2113, 2250, 2734, 3483, 4338, 4397, 5023, 5480, 5532, 5604, 5609, 6339, 6443, 7133, 7457, 7530, 8029, 8753, 9556, 9760]
27 [693, 1426, 1494, 2362, 2421, 2433, 3192, 3645, 3738, 3843, 4583, 4792, 5224, 5477, 5721, 5950, 6053, 6305, 6360, 6615, 6915, 7168, 7186, 7466, 8055, 8360, 8945]
21 [375, 1087, 1369, 1970, 3120, 3536, 4901, 4902, 5264, 5327, 5588, 6146, 6848, 7179, 7279, 7677, 7751, 9354, 9397, 9537, 9909]
29 [212, 379, 575, 598, 774, 973, 1620, 2396, 2438, 2724, 2885, 3796, 3825, 4943, 5085, 5112, 5358, 5603, 5688, 6138, 6191, 6499, 6869, 6875, 7057, 7468, 7673, 7918, 8238]
20 [522, 1151, 1445, 1664, 1689, 2095, 2649, 2989, 3578, 4506, 4669, 6014, 6472, 6605, 6815, 6976, 7518, 8423, 8937, 9150]
20 [20, 2109, 2169, 2277, 2758, 2836, 2954, 3739, 3860, 3893, 4731, 5071, 5283, 5785, 7193, 7479, 8463, 8546, 9112, 9551]
24 [0, 726, 1215, 2469, 2633, 2866, 3279, 3391, 3968, 4279, 4482, 5379, 5396, 5652, 5965, 6231, 6506, 6937, 7968, 7989, 8128, 8159, 8318, 9991]
24 [1061, 1099, 1448, 2202, 2287, 2306, 2354, 3675, 4138, 4652, 4803, 5389, 5894, 6143, 6547, 6822, 6918, 7472, 7644, 8188, 8193, 8872, 9108, 9988]
22 [198, 323, 847, 1925, 2998, 3554, 3617, 3845, 4590, 5631, 5854, 5862, 6754, 6841, 7013, 8072, 8373, 8564, 8605, 8808, 9414, 9894]
28 [268, 761, 1621, 2152, 2256, 2377, 2604, 3011, 3077, 3089, 3856, 3984, 4186, 4316, 4480, 4633, 4661, 4667, 6103, 6218, 6323, 6502, 6842, 8514, 9023, 9037, 9140, 9771]
